# polaram convert /home/jonas/code/python/PolaRam/res/molecularTensorPhenylalanine.txt --output /home/jonas/Dokumente/uni/semester7/bachelorarbeit/scripts/auswertungSpektren/polaram/labratoryMatrixPhenylalanine.txt --log /home/jonas/code/python/PolaRam/log/c2.txt --iterations 10000000 --threshold 2
# Execution time: 2020-12-31 15:57:04.333424

! v_1 = 33.9110/cm
 6.02448387e-02 -7.60119493e-06 -9.78231475e-06  0.00000000e+00
-7.60119493e-06  8.61147835e-03  1.01940682e-05  0.00000000e+00
-9.78231475e-06  1.01940682e-05  8.63323525e-03  0.00000000e+00
 0.00000000e+00  0.00000000e+00  0.00000000e+00  0.00000000e+00

#! v_1 = 33.9110/cm (Mean Of Rotated Raman Tensors)
#-3.92778893e-03 -2.41733735e-05 -3.26815713e-05
#-2.41733735e-05 -3.83583078e-03  8.51838928e-06
#-3.26815713e-05  8.51838928e-06 -3.93758030e-03

! v_2 = 42.9975/cm
 7.48837107e-02 -1.00105457e-05  4.64184764e-06  0.00000000e+00
-1.00105457e-05  1.11298567e-02 -1.36054367e-06  0.00000000e+00
 4.64184764e-06 -1.36054367e-06  1.10982262e-02  0.00000000e+00
 0.00000000e+00  0.00000000e+00  0.00000000e+00  0.00000000e+00

#! v_2 = 42.9975/cm (Mean Of Rotated Raman Tensors)
#-2.21264242e-02  2.83560929e-05  1.34739725e-05
# 2.83560929e-05 -2.19944962e-02  2.58352073e-05
# 1.34739725e-05  2.58352073e-05 -2.21200796e-02

! v_3 = 54.9092/cm
 2.81040025e-02 -2.18970353e-07  4.44346104e-06  0.00000000e+00
-2.18970353e-07  4.60198667e-03 -5.71914876e-06  0.00000000e+00
 4.44346104e-06 -5.71914876e-06  4.59537627e-03  0.00000000e+00
 0.00000000e+00  0.00000000e+00  0.00000000e+00  0.00000000e+00

#! v_3 = 54.9092/cm (Mean Of Rotated Raman Tensors)
#-2.60923379e-02 -6.39783942e-06  1.47962616e-05
#-6.39783942e-06 -2.61179844e-02  1.79346131e-05
# 1.47962616e-05  1.79346131e-05 -2.61256777e-02

! v_4 = 91.9286/cm
 4.93149450e-02  3.98752709e-06 -7.21554992e-06  0.00000000e+00
 3.98752709e-06  9.77900935e-03 -1.31656440e-06  0.00000000e+00
-7.21554992e-06 -1.31656440e-06  9.75535508e-03  0.00000000e+00
 0.00000000e+00  0.00000000e+00  0.00000000e+00  0.00000000e+00

#! v_4 = 91.9286/cm (Mean Of Rotated Raman Tensors)
#-5.63806200e-02 -5.71958009e-06  2.07662871e-05
#-5.71958009e-06 -5.62855800e-02  3.19339059e-05
# 2.07662871e-05  3.19339059e-05 -5.64137000e-02

! v_5 = 179.9603/cm
 4.79474230e-02 -4.24328650e-06 -1.40406247e-06  0.00000000e+00
-4.24328650e-06  8.22318463e-03  6.22666295e-06  0.00000000e+00
-1.40406247e-06  6.22666295e-06  8.22358767e-03  0.00000000e+00
 0.00000000e+00  0.00000000e+00  0.00000000e+00  0.00000000e+00

#! v_5 = 179.9603/cm (Mean Of Rotated Raman Tensors)
#-3.99835284e-02  4.33365142e-05 -1.26878177e-06
# 4.33365142e-05 -4.00533113e-02  7.14902639e-06
#-1.26878177e-06  7.14902639e-06 -3.99871603e-02

! v_6 = 245.1754/cm
7.14244192e-03 1.32688241e-06 1.69873530e-06 0.00000000e+00
1.32688241e-06 1.73457648e-03 2.42245692e-06 0.00000000e+00
1.69873530e-06 2.42245692e-06 1.73560834e-03 0.00000000e+00
0.00000000e+00 0.00000000e+00 0.00000000e+00 0.00000000e+00

#! v_6 = 245.1754/cm (Mean Of Rotated Raman Tensors)
#-2.88957605e-02 -1.27309371e-05 -9.21527860e-06
#-1.27309371e-05 -2.88772060e-02 -1.86278204e-06
#-9.21527860e-06 -1.86278204e-06 -2.88688335e-02

! v_7 = 289.3892/cm
 4.01436574e-02  4.93708128e-06  2.63538322e-07  0.00000000e+00
 4.93708128e-06  1.65098772e-02 -2.21846104e-06  0.00000000e+00
 2.63538322e-07 -2.21846104e-06  1.64975581e-02  0.00000000e+00
 0.00000000e+00  0.00000000e+00  0.00000000e+00  0.00000000e+00

#! v_7 = 289.3892/cm (Mean Of Rotated Raman Tensors)
#-1.12114703e-01  4.31718525e-06  2.82994242e-05
# 4.31718525e-06 -1.12062326e-01  1.70823940e-05
# 2.82994242e-05  1.70823940e-05 -1.12141571e-01

! v_8 = 298.6721/cm
 4.21481095e-02  6.80877885e-06 -1.11248208e-06  0.00000000e+00
 6.80877885e-06  2.10431766e-02  2.07060011e-07  0.00000000e+00
-1.11248208e-06  2.07060011e-07  2.10514366e-02  0.00000000e+00
 0.00000000e+00  0.00000000e+00  0.00000000e+00  0.00000000e+00

#! v_8 = 298.6721/cm (Mean Of Rotated Raman Tensors)
# 1.32402900e-01  7.05459470e-06 -1.83358576e-06
# 7.05459470e-06  1.32387565e-01  3.32125714e-05
#-1.83358576e-06  3.32125714e-05  1.32367436e-01

! v_9 = 317.1495/cm
 3.28238416e-02  4.95330053e-06 -1.08880585e-06  0.00000000e+00
 4.95330053e-06  2.19399583e-02  1.00968248e-06  0.00000000e+00
-1.08880585e-06  1.00968248e-06  2.19448036e-02  0.00000000e+00
 0.00000000e+00  0.00000000e+00  0.00000000e+00  0.00000000e+00

#! v_9 = 317.1495/cm (Mean Of Rotated Raman Tensors)
#-1.41891703e-01  1.08569462e-06  1.26394603e-05
# 1.08569462e-06 -1.41857904e-01 -1.27529424e-05
# 1.26394603e-05 -1.27529424e-05 -1.41871293e-01

! v_10 = 358.5207/cm
1.02795394e-03 1.97561583e-07 1.60519329e-08 0.00000000e+00
1.97561583e-07 3.50433578e-04 3.98401758e-07 0.00000000e+00
1.60519329e-08 3.98401758e-07 3.50609077e-04 0.00000000e+00
0.00000000e+00 0.00000000e+00 0.00000000e+00 0.00000000e+00

#! v_10 = 358.5207/cm (Mean Of Rotated Raman Tensors)
# 1.54186260e-02  5.47115725e-06  2.58098963e-06
# 5.47115725e-06  1.54090830e-02 -2.03406935e-06
# 2.58098963e-06 -2.03406935e-06  1.54183410e-02

! v_11 = 416.0615/cm
 4.19748188e-04  5.96439276e-08 -1.83459052e-08  0.00000000e+00
 5.96439276e-08  2.16687492e-04 -5.26774895e-08  0.00000000e+00
-1.83459052e-08 -5.26774895e-08  2.16555518e-04  0.00000000e+00
 0.00000000e+00  0.00000000e+00  0.00000000e+00  0.00000000e+00

#! v_11 = 416.0615/cm (Mean Of Rotated Raman Tensors)
# 1.35203253e-02 -8.22143755e-07 -2.59535344e-06
#-8.22143755e-07  1.35174956e-02 -2.82587963e-06
#-2.59535344e-06 -2.82587963e-06  1.35241092e-02

! v_12 = 458.2468/cm
 8.53627134e-02  1.10475726e-05 -4.30893576e-06  0.00000000e+00
 1.10475726e-05  6.05851055e-02 -1.83802883e-06  0.00000000e+00
-4.30893576e-06 -1.83802883e-06  6.05874180e-02  0.00000000e+00
 0.00000000e+00  0.00000000e+00  0.00000000e+00  0.00000000e+00

#! v_12 = 458.2468/cm (Mean Of Rotated Raman Tensors)
#-2.37632356e-01  6.72380055e-06  1.03778768e-05
# 6.72380055e-06 -2.37587559e-01 -1.81084417e-05
# 1.03778768e-05 -1.81084417e-05 -2.37634685e-01

! v_13 = 519.3121/cm
 1.70479193e-02  1.45062640e-06 -3.76710100e-06  0.00000000e+00
 1.45062640e-06  4.47362208e-03  5.73689497e-06  0.00000000e+00
-3.76710100e-06  5.73689497e-06  4.48014445e-03  0.00000000e+00
 0.00000000e+00  0.00000000e+00  0.00000000e+00  0.00000000e+00

#! v_13 = 519.3121/cm (Mean Of Rotated Raman Tensors)
#-4.87895777e-02  1.55295431e-05  1.50665934e-05
# 1.55295431e-05 -4.87979395e-02 -1.24802115e-05
# 1.50665934e-05 -1.24802115e-05 -4.87800827e-02

! v_14 = 597.9584/cm
3.04105578e-02 4.64122058e-06 6.98568310e-06 0.00000000e+00
4.64122058e-06 9.53747413e-03 1.17935092e-05 0.00000000e+00
6.98568310e-06 1.17935092e-05 9.53783693e-03 0.00000000e+00
0.00000000e+00 0.00000000e+00 0.00000000e+00 0.00000000e+00

#! v_14 = 597.9584/cm (Mean Of Rotated Raman Tensors)
#7.78745689e-02 4.42497766e-05 1.98921360e-05
#4.42497766e-05 7.78188997e-02 8.68392860e-06
#1.98921360e-05 8.68392860e-06 7.78398414e-02

! v_15 = 627.0428/cm
 3.44441273e-02 -4.29320919e-06 -9.04087245e-06  0.00000000e+00
-4.29320919e-06  1.33172652e-02  1.41320974e-05  0.00000000e+00
-9.04087245e-06  1.41320974e-05  1.33284333e-02  0.00000000e+00
 0.00000000e+00  0.00000000e+00  0.00000000e+00  0.00000000e+00

#! v_15 = 627.0428/cm (Mean Of Rotated Raman Tensors)
# 9.89776554e-02 -2.64912127e-05 -2.11979826e-05
#-2.64912127e-05  9.90311867e-02  9.50321320e-06
#-2.11979826e-05  9.50321320e-06  9.89842579e-02

! v_16 = 634.8215/cm
 8.19018242e-02  1.38904205e-05  1.49559505e-06  0.00000000e+00
 1.38904205e-05  1.17405938e-02 -2.08899802e-05  0.00000000e+00
 1.49559505e-06 -2.08899802e-05  1.17457901e-02  0.00000000e+00
 0.00000000e+00  0.00000000e+00  0.00000000e+00  0.00000000e+00

#! v_16 = 634.8215/cm (Mean Of Rotated Raman Tensors)
#-6.95658032e-03 -7.28957696e-05 -5.42068701e-05
#-7.28957696e-05 -6.92580806e-03 -7.19851598e-05
#-5.42068701e-05 -7.19851598e-05 -6.90291162e-03

! v_17 = 644.0624/cm
 4.20632022e-02 -8.97027928e-06 -6.13750948e-06  0.00000000e+00
-8.97027928e-06  2.18722540e-02 -1.66359227e-06  0.00000000e+00
-6.13750948e-06 -1.66359227e-06  2.18780290e-02  0.00000000e+00
 0.00000000e+00  0.00000000e+00  0.00000000e+00  0.00000000e+00

#! v_17 = 644.0624/cm (Mean Of Rotated Raman Tensors)
#-1.36022471e-01  2.67850070e-05  1.80304421e-05
# 2.67850070e-05 -1.36093502e-01  2.89429317e-05
# 1.80304421e-05  2.89429317e-05 -1.36080627e-01

! v_18 = 711.3407/cm
1.93554235e-03 3.75846440e-08 3.90810766e-07 0.00000000e+00
3.75846440e-08 1.24310068e-03 8.33487446e-08 0.00000000e+00
3.90810766e-07 8.33487446e-08 1.24301799e-03 0.00000000e+00
0.00000000e+00 0.00000000e+00 0.00000000e+00 0.00000000e+00

#! v_18 = 711.3407/cm (Mean Of Rotated Raman Tensors)
# 3.35799965e-02  5.32959292e-06  1.32435081e-06
# 5.32959292e-06  3.35802893e-02 -1.12040949e-06
# 1.32435081e-06 -1.12040949e-06  3.35826142e-02

! v_19 = 755.2786/cm
 1.64368308e-01  6.59210707e-06 -1.03858789e-05  0.00000000e+00
 6.59210707e-06  1.52414095e-01  1.42501866e-06  0.00000000e+00
-1.03858789e-05  1.42501866e-06  1.52416123e-01  0.00000000e+00
 0.00000000e+00  0.00000000e+00  0.00000000e+00  0.00000000e+00

#! v_19 = 755.2786/cm (Mean Of Rotated Raman Tensors)
#-3.87849914e-01  1.15694348e-05  7.77491901e-06
# 1.15694348e-05 -3.87837339e-01 -1.56141615e-05
# 7.77491901e-06 -1.56141615e-05 -3.87835746e-01

! v_20 = 771.8421/cm
 3.52297288e-02  1.05934640e-06 -4.12973865e-06  0.00000000e+00
 1.05934640e-06  3.13868082e-02  1.03434813e-07  0.00000000e+00
-4.12973865e-06  1.03434813e-07  3.13855526e-02  0.00000000e+00
 0.00000000e+00  0.00000000e+00  0.00000000e+00  0.00000000e+00

#! v_20 = 771.8421/cm (Mean Of Rotated Raman Tensors)
# 1.75347232e-01 -1.42223544e-05 -3.15388502e-06
#-1.42223544e-05  1.75340634e-01 -6.08319790e-06
#-3.15388502e-06 -6.08319790e-06  1.75350134e-01

! v_21 = 804.1376/cm
 8.64917757e-02 -1.22601301e-05  1.16328330e-06  0.00000000e+00
-1.22601301e-05  6.16829196e-02 -7.59697036e-06  0.00000000e+00
 1.16328330e-06 -7.59697036e-06  6.16855277e-02  0.00000000e+00
 0.00000000e+00  0.00000000e+00  0.00000000e+00  0.00000000e+00

#! v_21 = 804.1376/cm (Mean Of Rotated Raman Tensors)
#-2.39871816e-01 -1.71376421e-06 -2.15136074e-05
#-1.71376421e-06 -2.39919093e-01 -8.82351578e-06
#-2.15136074e-05 -8.82351578e-06 -2.39920091e-01

! v_22 = 834.6371/cm
1.44097054e-01 1.04284744e-05 1.47712675e-05 0.00000000e+00
1.04284744e-05 1.17166484e-01 5.96065208e-06 0.00000000e+00
1.47712675e-05 5.96065208e-06 1.17173547e-01 0.00000000e+00
0.00000000e+00 0.00000000e+00 0.00000000e+00 0.00000000e+00

#! v_22 = 834.6371/cm (Mean Of Rotated Raman Tensors)
#-3.35693120e-01 -1.54212849e-05 -1.45492043e-05
#-1.54212849e-05 -3.35675364e-01 -1.83196021e-06
#-1.45492043e-05 -1.83196021e-06 -3.35633515e-01

! v_23 = 859.3486/cm
 1.39390383e-02 -2.34896306e-07  8.05368427e-07  0.00000000e+00
-2.34896306e-07  2.29797566e-03  1.77898139e-06  0.00000000e+00
 8.05368427e-07  1.77898139e-06  2.29741335e-03  0.00000000e+00
 0.00000000e+00  0.00000000e+00  0.00000000e+00  0.00000000e+00

#! v_23 = 859.3486/cm (Mean Of Rotated Raman Tensors)
# 1.89139453e-02 -6.67965488e-06  3.88839595e-06
#-6.67965488e-06  1.88719326e-02 -1.29204762e-05
# 3.88839595e-06 -1.29204762e-05  1.89145220e-02

! v_24 = 864.7519/cm
 4.90347494e-02 -7.73910572e-06 -1.53621705e-06  0.00000000e+00
-7.73910572e-06  4.06651921e-02 -6.02884179e-07  0.00000000e+00
-1.53621705e-06 -6.02884179e-07  4.06636021e-02  0.00000000e+00
 0.00000000e+00  0.00000000e+00  0.00000000e+00  0.00000000e+00

#! v_24 = 864.7519/cm (Mean Of Rotated Raman Tensors)
#-1.98145678e-01  5.29871618e-07 -6.78266983e-06
# 5.29871618e-07 -1.98182309e-01 -7.76735243e-06
#-6.78266983e-06 -7.76735243e-06 -1.98122814e-01

! v_25 = 926.4249/cm
 7.01973067e-02  5.94518995e-06  3.18850261e-06  0.00000000e+00
 5.94518995e-06  1.49049043e-02 -3.28213308e-07  0.00000000e+00
 3.18850261e-06 -3.28213308e-07  1.48926762e-02  0.00000000e+00
 0.00000000e+00  0.00000000e+00  0.00000000e+00  0.00000000e+00

#! v_25 = 926.4249/cm (Mean Of Rotated Raman Tensors)
# 7.54098410e-02  8.53055057e-06 -2.95404677e-05
# 8.53055057e-06  7.53357022e-02 -1.79921591e-05
#-2.95404677e-05 -1.79921591e-05  7.54563567e-02

! v_26 = 971.2632/cm
 3.56289612e-02  7.38047116e-06  4.96546649e-06  0.00000000e+00
 7.38047116e-06  2.22670821e-02 -8.22702223e-07  0.00000000e+00
 4.96546649e-06 -8.22702223e-07  2.22691651e-02  0.00000000e+00
 0.00000000e+00  0.00000000e+00  0.00000000e+00  0.00000000e+00

#! v_26 = 971.2632/cm (Mean Of Rotated Raman Tensors)
#-1.41598660e-01 -9.71035601e-06 -1.27733661e-05
#-9.71035601e-06 -1.41543202e-01 -1.50042241e-05
#-1.27733661e-05 -1.50042241e-05 -1.41558621e-01

! v_27 = 979.7681/cm
 7.58028121e-04 -1.05417582e-07  1.23725861e-09  0.00000000e+00
-1.05417582e-07  4.14379118e-04 -1.61631033e-07  0.00000000e+00
 1.23725861e-09 -1.61631033e-07  4.14317935e-04  0.00000000e+00
 0.00000000e+00  0.00000000e+00  0.00000000e+00  0.00000000e+00

#! v_27 = 979.7681/cm (Mean Of Rotated Raman Tensors)
#-1.88949740e-02 -5.26553083e-07  1.84638954e-06
#-5.26553083e-07 -1.88972956e-02  1.96541144e-07
# 1.84638954e-06  1.96541144e-07 -1.88910304e-02

! v_28 = 1001.1721/cm
2.48971675e-03 2.59324911e-07 1.47826489e-08 0.00000000e+00
2.59324911e-07 1.01935660e-03 1.45585610e-07 0.00000000e+00
1.47826489e-08 1.45585610e-07 1.01916966e-03 0.00000000e+00
0.00000000e+00 0.00000000e+00 0.00000000e+00 0.00000000e+00

#! v_28 = 1001.1721/cm (Mean Of Rotated Raman Tensors)
#-2.78305268e-02  2.38813838e-06  7.28521389e-06
# 2.38813838e-06 -2.78198920e-02  1.38442555e-06
# 7.28521389e-06  1.38442555e-06 -2.78359812e-02

! v_29 = 1016.2137/cm
 8.12398597e-01  1.13770365e-04 -4.31535760e-06  0.00000000e+00
 1.13770365e-04  7.35473165e-01 -5.28972731e-06  0.00000000e+00
-4.31535760e-06 -5.28972731e-06  7.35466984e-01  0.00000000e+00
 0.00000000e+00  0.00000000e+00  0.00000000e+00  0.00000000e+00

#! v_29 = 1016.2137/cm (Mean Of Rotated Raman Tensors)
# 8.50165331e-01 -2.00960146e-06 -4.53890994e-05
#-2.00960146e-06  8.50012570e-01  1.42147459e-06
#-4.53890994e-05  1.42147459e-06  8.50109100e-01

! v_30 = 1033.0237/cm
5.40623397e-01 7.76975742e-05 1.17041677e-05 0.00000000e+00
7.76975742e-05 2.66864522e-01 2.39611591e-06 0.00000000e+00
1.17041677e-05 2.39611591e-06 2.66838652e-01 0.00000000e+00
0.00000000e+00 0.00000000e+00 0.00000000e+00 0.00000000e+00

#! v_30 = 1033.0237/cm (Mean Of Rotated Raman Tensors)
#-4.70393328e-01 -1.09672512e-06  6.18529935e-05
#-1.09672512e-06 -4.70275535e-01  4.72068038e-05
# 6.18529935e-05  4.72068038e-05 -4.70542138e-01

! v_31 = 1054.6929/cm
 4.18685745e-01  5.58973744e-05  5.00874752e-06  0.00000000e+00
 5.58973744e-05  3.87188845e-01 -2.34063739e-06  0.00000000e+00
 5.00874752e-06 -2.34063739e-06  3.87185127e-01  0.00000000e+00
 0.00000000e+00  0.00000000e+00  0.00000000e+00  0.00000000e+00

#! v_31 = 1054.6929/cm (Mean Of Rotated Raman Tensors)
#-6.18062646e-01 -4.22904531e-06  2.65659260e-05
#-4.22904531e-06 -6.17960679e-01 -1.31864712e-06
# 2.65659260e-05 -1.31864712e-06 -6.18023675e-01

! v_32 = 1106.2333/cm
7.94297450e-02 1.06694357e-05 2.02118742e-06 0.00000000e+00
1.06694357e-05 4.10419735e-02 3.80824965e-06 0.00000000e+00
2.02118742e-06 3.80824965e-06 4.10453546e-02 0.00000000e+00
0.00000000e+00 0.00000000e+00 0.00000000e+00 0.00000000e+00

#! v_32 = 1106.2333/cm (Mean Of Rotated Raman Tensors)
# 1.86166514e-01 -2.13411472e-06 -2.68243093e-05
#-2.13411472e-06  1.86108630e-01  2.39339860e-06
#-2.68243093e-05  2.39339860e-06  1.86193456e-01

! v_33 = 1110.4639/cm
 3.18917672e-02  5.25484777e-06 -6.94522670e-07  0.00000000e+00
 5.25484777e-06  4.55544246e-03  6.14361136e-06  0.00000000e+00
-6.94522670e-07  6.14361136e-06  4.56703863e-03  0.00000000e+00
 0.00000000e+00  0.00000000e+00  0.00000000e+00  0.00000000e+00

#! v_33 = 1110.4639/cm (Mean Of Rotated Raman Tensors)
#-2.48327126e-03 -4.80679544e-06 -1.15032533e-05
#-4.80679544e-06 -2.48922719e-03  2.64038926e-05
#-1.15032533e-05  2.64038926e-05 -2.48280155e-03

! v_34 = 1159.3392/cm
3.67493675e-02 5.65788213e-06 4.44580762e-06 0.00000000e+00
5.65788213e-06 1.68844270e-02 1.50659651e-06 0.00000000e+00
4.44580762e-06 1.50659651e-06 1.68917400e-02 0.00000000e+00
0.00000000e+00 0.00000000e+00 0.00000000e+00 0.00000000e+00

#! v_34 = 1159.3392/cm (Mean Of Rotated Raman Tensors)
#-1.16575497e-01 -2.65666940e-05 -1.98100461e-05
#-2.65666940e-05 -1.16486549e-01 -1.46306013e-05
#-1.98100461e-05 -1.46306013e-05 -1.16544954e-01

! v_35 = 1177.8881/cm
 7.11051844e-02  1.42069896e-05  9.71223112e-06  0.00000000e+00
 1.42069896e-05  2.33595475e-02 -9.18753464e-06  0.00000000e+00
 9.71223112e-06 -9.18753464e-06  2.33841988e-02  0.00000000e+00
 0.00000000e+00  0.00000000e+00  0.00000000e+00  0.00000000e+00

#! v_35 = 1177.8881/cm (Mean Of Rotated Raman Tensors)
#1.24191468e-01 4.50176581e-05 1.85103811e-05
#4.50176581e-05 1.24126385e-01 5.00613713e-05
#1.85103811e-05 5.00613713e-05 1.24160347e-01

! v_36 = 1190.6930/cm
 9.09997278e-02  1.62664670e-05  2.95335113e-06  0.00000000e+00
 1.62664670e-05  1.32300793e-02 -2.34623181e-05  0.00000000e+00
 2.95335113e-06 -2.34623181e-05  1.32353986e-02  0.00000000e+00
 0.00000000e+00  0.00000000e+00  0.00000000e+00  0.00000000e+00

#! v_36 = 1190.6930/cm (Mean Of Rotated Raman Tensors)
#-1.64260619e-02 -7.56781285e-05 -5.54710995e-05
#-7.56781285e-05 -1.63931784e-02 -7.66771111e-05
#-5.54710995e-05 -7.66771111e-05 -1.63674597e-02

! v_37 = 1212.5763/cm
6.98689758e-02 6.90331989e-06 7.12991719e-06 0.00000000e+00
6.90331989e-06 1.15914139e-02 1.81550639e-05 0.00000000e+00
7.12991719e-06 1.81550639e-05 1.15909228e-02 0.00000000e+00
0.00000000e+00 0.00000000e+00 0.00000000e+00 0.00000000e+00

#! v_37 = 1212.5763/cm (Mean Of Rotated Raman Tensors)
#-4.34048904e-02 -3.97297592e-05 -2.86066290e-05
#-3.97297592e-05 -4.33964825e-02  9.29940291e-06
#-2.86066290e-05  9.29940291e-06 -4.33536271e-02

! v_38 = 1228.4588/cm
 5.42357551e-01  8.95604858e-05  3.07418948e-06  0.00000000e+00
 8.95604858e-05  4.64339822e-01 -7.55681205e-06  0.00000000e+00
 3.07418948e-06 -7.55681205e-06  4.64310012e-01  0.00000000e+00
 0.00000000e+00  0.00000000e+00  0.00000000e+00  0.00000000e+00

#! v_38 = 1228.4588/cm (Mean Of Rotated Raman Tensors)
#-6.71886994e-01 -2.98334691e-06  4.69731521e-05
#-2.98334691e-06 -6.71724687e-01  9.65000015e-06
# 4.69731521e-05  9.65000015e-06 -6.71852319e-01

! v_39 = 1238.9638/cm
 3.99889298e-01  6.22812323e-05  2.40365244e-05  0.00000000e+00
 6.22812323e-05  2.48373380e-01 -1.71742532e-05  0.00000000e+00
 2.40365244e-05 -1.71742532e-05  2.48301697e-01  0.00000000e+00
 0.00000000e+00  0.00000000e+00  0.00000000e+00  0.00000000e+00

#! v_39 = 1238.9638/cm (Mean Of Rotated Raman Tensors)
# 4.72416859e-01  2.20385967e-05 -6.06766572e-05
# 2.20385967e-05  4.72217026e-01 -1.69566459e-05
#-6.06766572e-05 -1.69566459e-05  4.72386115e-01

! v_40 = 1318.5650/cm
 7.29810407e-02  1.54875132e-06 -6.59631435e-06  0.00000000e+00
 1.54875132e-06  1.40305236e-02  1.04910217e-05  0.00000000e+00
-6.59631435e-06  1.04910217e-05  1.40188148e-02  0.00000000e+00
 0.00000000e+00  0.00000000e+00  0.00000000e+00  0.00000000e+00

#! v_40 = 1318.5650/cm (Mean Of Rotated Raman Tensors)
# 6.47488338e-02 -1.01487964e-05  9.49483626e-06
#-1.01487964e-05  6.48489321e-02  4.63483502e-05
# 9.49483626e-06  4.63483502e-05  6.47638941e-02

! v_41 = 1340.0531/cm
 3.11514128e-01  4.87290847e-05  3.31272065e-06  0.00000000e+00
 4.87290847e-05  1.66543376e-01 -3.87000047e-07  0.00000000e+00
 3.31272065e-06 -3.87000047e-07  1.66542095e-01  0.00000000e+00
 0.00000000e+00  0.00000000e+00  0.00000000e+00  0.00000000e+00

#! v_41 = 1340.0531/cm (Mean Of Rotated Raman Tensors)
#-3.77439119e-01 -8.97906898e-06  4.92677331e-05
#-8.97906898e-06 -3.77245071e-01 -1.54070135e-05
# 4.92677331e-05 -1.54070135e-05 -3.77420111e-01

! v_42 = 1359.2679/cm
 3.37312740e-02  6.38732045e-06 -2.80203715e-06  0.00000000e+00
 6.38732045e-06  1.64063111e-02 -1.10909851e-07  0.00000000e+00
-2.80203715e-06 -1.10909851e-07  1.63946130e-02  0.00000000e+00
 0.00000000e+00  0.00000000e+00  0.00000000e+00  0.00000000e+00

#! v_42 = 1359.2679/cm (Mean Of Rotated Raman Tensors)
#-1.16285099e-01  9.05304756e-06  1.57882208e-05
# 9.05304756e-06 -1.16200608e-01  1.95489154e-05
# 1.57882208e-05  1.95489154e-05 -1.16279693e-01

! v_43 = 1368.3743/cm
 8.47102535e-02  1.14264747e-05 -6.86256649e-06  0.00000000e+00
 1.14264747e-05  1.83710441e-02 -1.22208263e-05  0.00000000e+00
-6.86256649e-06 -1.22208263e-05  1.83223826e-02  0.00000000e+00
 0.00000000e+00  0.00000000e+00  0.00000000e+00  0.00000000e+00

#! v_43 = 1368.3743/cm (Mean Of Rotated Raman Tensors)
# 8.53754134e-02 -6.07102888e-05 -6.12544750e-05
#-6.07102888e-05  8.53380151e-02 -6.20317652e-05
#-6.12544750e-05 -6.20317652e-05  8.54525515e-02

! v_44 = 1382.1569/cm
 3.56547053e-01  4.19796896e-05 -4.42289543e-05  0.00000000e+00
 4.19796896e-05  1.21264470e-01 -3.37979784e-05  0.00000000e+00
-4.42289543e-05 -3.37979784e-05  1.21057889e-01  0.00000000e+00
 0.00000000e+00  0.00000000e+00  0.00000000e+00  0.00000000e+00

#! v_44 = 1382.1569/cm (Mean Of Rotated Raman Tensors)
# 2.86330017e-01 -7.11763975e-05 -9.93720676e-05
#-7.11763975e-05  2.86145866e-01 -8.43141224e-05
#-9.93720676e-05 -8.43141224e-05  2.86439117e-01

! v_45 = 1460.9495/cm
 5.14902905e-02 -4.37137403e-06  1.50001539e-06  0.00000000e+00
-4.37137403e-06  1.65121531e-02 -3.04218450e-06  0.00000000e+00
 1.50001539e-06 -3.04218450e-06  1.64997769e-02  0.00000000e+00
 0.00000000e+00  0.00000000e+00  0.00000000e+00  0.00000000e+00

#! v_45 = 1460.9495/cm (Mean Of Rotated Raman Tensors)
# 1.03309703e-01 -2.84268632e-05  1.30669440e-05
#-2.84268632e-05  1.03328065e-01 -9.26455514e-07
# 1.30669440e-05 -9.26455514e-07  1.03311033e-01

! v_46 = 1494.5467/cm
3.52433861e-02 1.38087052e-06 1.76395349e-06 0.00000000e+00
1.38087052e-06 5.74560972e-03 5.07531645e-06 0.00000000e+00
1.76395349e-06 5.07531645e-06 5.75722116e-03 0.00000000e+00
0.00000000e+00 0.00000000e+00 0.00000000e+00 0.00000000e+00

#! v_46 = 1494.5467/cm (Mean Of Rotated Raman Tensors)
#-2.89351398e-02 -4.38889540e-05 -9.77523939e-06
#-4.38889540e-05 -2.88645773e-02 -1.81739528e-05
#-9.77523939e-06 -1.81739528e-05 -2.89240829e-02

! v_47 = 1505.4504/cm
 1.80077723e-01  4.44237535e-06 -1.05753034e-05  0.00000000e+00
 4.44237535e-06  3.85152203e-02  1.33135119e-05  0.00000000e+00
-1.05753034e-05  1.33135119e-05  3.84470882e-02  0.00000000e+00
 0.00000000e+00  0.00000000e+00  0.00000000e+00  0.00000000e+00

#! v_47 = 1505.4504/cm (Mean Of Rotated Raman Tensors)
#-1.22096157e-01 -4.46984809e-05  2.81216206e-05
#-4.46984809e-05 -1.21878245e-01  3.24544660e-05
# 2.81216206e-05  3.24544660e-05 -1.22098139e-01

! v_48 = 1539.3000/cm
1.08524861e-02 6.66849711e-07 1.06363284e-07 0.00000000e+00
6.66849711e-07 2.61575206e-03 1.21512562e-06 0.00000000e+00
1.06363284e-07 1.21512562e-06 2.61304921e-03 0.00000000e+00
0.00000000e+00 0.00000000e+00 0.00000000e+00 0.00000000e+00

#! v_48 = 1539.3000/cm (Mean Of Rotated Raman Tensors)
#-3.52558963e-02 -1.46887477e-05  4.36435095e-06
#-1.46887477e-05 -3.52079725e-02  4.95504975e-06
# 4.36435095e-06  4.95504975e-06 -3.52551611e-02

! v_49 = 1634.6360/cm
 2.04529506e-01  3.50670379e-05 -2.20024254e-06  0.00000000e+00
 3.50670379e-05  2.94739496e-02 -5.29025929e-05  0.00000000e+00
-2.20024254e-06 -5.29025929e-05  2.94774616e-02  0.00000000e+00
 0.00000000e+00  0.00000000e+00  0.00000000e+00  0.00000000e+00

#! v_49 = 1634.6360/cm (Mean Of Rotated Raman Tensors)
#-1.71494768e-02  1.14009634e-04  8.50084331e-05
# 1.14009634e-04 -1.71931415e-02  1.15776315e-04
# 8.50084331e-05  1.15776315e-04 -1.72403817e-02

! v_50 = 1656.0523/cm
 1.04145586e+00  7.72670802e-05 -3.89803954e-05  0.00000000e+00
 7.72670802e-05  2.56033784e-01  1.49927588e-04  0.00000000e+00
-3.89803954e-05  1.49927588e-04  2.56013883e-01  0.00000000e+00
 0.00000000e+00  0.00000000e+00  0.00000000e+00  0.00000000e+00

#! v_50 = 1656.0523/cm (Mean Of Rotated Raman Tensors)
# 3.53902635e-01 -1.03018564e-04 -1.55264183e-04
#-1.03018564e-04  3.53681621e-01  8.12304350e-06
#-1.55264183e-04  8.12304350e-06  3.54000744e-01

! v_51 = 1680.7437/cm
5.70561094e-02 5.17117614e-06 1.36558581e-06 0.00000000e+00
5.17117614e-06 9.83404475e-03 2.94892259e-05 0.00000000e+00
1.36558581e-06 2.94892259e-05 9.83810255e-03 0.00000000e+00
0.00000000e+00 0.00000000e+00 0.00000000e+00 0.00000000e+00

#! v_51 = 1680.7437/cm (Mean Of Rotated Raman Tensors)
#-4.44025608e-02 -5.93587629e-05 -2.59706864e-05
#-5.93587629e-05 -4.43169959e-02  7.15351227e-07
#-2.59706864e-05  7.15351227e-07 -4.43681433e-02

! v_52 = 1815.5212/cm
 1.32707984e-01  8.18168612e-06 -1.28097615e-05  0.00000000e+00
 8.18168612e-06  8.09125284e-02 -2.00954226e-05  0.00000000e+00
-1.28097615e-05 -2.00954226e-05  8.09251865e-02  0.00000000e+00
 0.00000000e+00  0.00000000e+00  0.00000000e+00  0.00000000e+00

#! v_52 = 1815.5212/cm (Mean Of Rotated Raman Tensors)
# 2.68864342e-01 -2.19110094e-05 -2.38606564e-05
#-2.19110094e-05  2.68865402e-01 -4.58414884e-05
#-2.38606564e-05 -4.58414884e-05  2.68847256e-01

! v_53 = 3040.0581/cm
 2.50535739e+00  7.38417504e-05 -3.31867811e-05  0.00000000e+00
 7.38417504e-05  2.06357816e+00 -1.29512643e-04  0.00000000e+00
-3.31867811e-05 -1.29512643e-04  2.06339689e+00  0.00000000e+00
 0.00000000e+00  0.00000000e+00  0.00000000e+00  0.00000000e+00

#! v_53 = 3040.0581/cm (Mean Of Rotated Raman Tensors)
# 1.41063363e+00 -2.82604246e-05  7.01449888e-05
#-2.82604246e-05  1.41060136e+00  9.87164540e-05
# 7.01449888e-05  9.87164540e-05  1.41049701e+00

! v_54 = 3083.8355/cm
 1.61934772e+00 -3.98458005e-04 -2.91680601e-04  0.00000000e+00
-3.98458005e-04  4.78698635e-01 -5.91089126e-04  0.00000000e+00
-2.91680601e-04 -5.91089126e-04  4.78910682e-01  0.00000000e+00
 0.00000000e+00  0.00000000e+00  0.00000000e+00  0.00000000e+00

#! v_54 = 3083.8355/cm (Mean Of Rotated Raman Tensors)
#-5.37164180e-01  1.38861124e-04  1.75807446e-04
# 1.38861124e-04 -5.37544040e-01  1.44352818e-04
# 1.75807446e-04  1.44352818e-04 -5.37185781e-01

! v_55 = 3103.7065/cm
3.84904118e-01 8.30419247e-06 6.74052783e-05 0.00000000e+00
8.30419247e-06 2.91114893e-01 1.90778018e-05 0.00000000e+00
6.74052783e-05 1.90778018e-05 2.91101060e-01 0.00000000e+00
0.00000000e+00 0.00000000e+00 0.00000000e+00 0.00000000e+00

#! v_55 = 3103.7065/cm (Mean Of Rotated Raman Tensors)
#5.24859919e-01 5.05963875e-05 5.50261285e-05
#5.05963875e-05 5.24866186e-01 2.98013023e-05
#5.50261285e-05 2.98013023e-05 5.24751295e-01

! v_56 = 3166.6573/cm
 1.13630807e+00  2.46738362e-04  2.58471981e-04  0.00000000e+00
 2.46738362e-04  3.74618951e-01 -1.44647557e-04  0.00000000e+00
 2.58471981e-04 -1.44647557e-04  3.74686339e-01  0.00000000e+00
 0.00000000e+00  0.00000000e+00  0.00000000e+00  0.00000000e+00

#! v_56 = 3166.6573/cm (Mean Of Rotated Raman Tensors)
#4.97816389e-01 2.45210218e-04 1.64866646e-04
#2.45210218e-04 4.97587266e-01 2.35301428e-04
#1.64866646e-04 2.35301428e-04 4.97527645e-01

! v_57 = 3176.1083/cm
 1.23879379e+00  1.50252966e-04  7.86595326e-05  0.00000000e+00
 1.50252966e-04  1.77145480e-01 -2.63210599e-05  0.00000000e+00
 7.86595326e-05 -2.63210599e-05  1.76960738e-01  0.00000000e+00
 0.00000000e+00  0.00000000e+00  0.00000000e+00  0.00000000e+00

#! v_57 = 3176.1083/cm (Mean Of Rotated Raman Tensors)
#-0.01049992 -0.00032424 -0.00025696
#-0.00032424 -0.01039701 -0.00024283
#-0.00025696 -0.00024283 -0.01021906

! v_58 = 3185.6408/cm
2.61045782e+00 3.00499826e-04 1.84310207e-04 0.00000000e+00
3.00499826e-04 7.65766319e-01 1.29493470e-04 0.00000000e+00
1.84310207e-04 1.29493470e-04 7.66164175e-01 0.00000000e+00
0.00000000e+00 0.00000000e+00 0.00000000e+00 0.00000000e+00

#! v_58 = 3185.6408/cm (Mean Of Rotated Raman Tensors)
#-6.77266648e-01 -7.14298895e-05 -5.25351841e-05
#-7.14298895e-05 -6.77247613e-01  1.50009889e-04
#-5.25351841e-05  1.50009889e-04 -6.77019739e-01

! v_59 = 3194.1441/cm
 8.27762186e-01  1.30650745e-04  4.05674300e-05  0.00000000e+00
 1.30650745e-04  1.18419088e-01 -1.30330680e-04  0.00000000e+00
 4.05674300e-05 -1.30330680e-04  1.18292067e-01  0.00000000e+00
 0.00000000e+00  0.00000000e+00  0.00000000e+00  0.00000000e+00

#! v_59 = 3194.1441/cm (Mean Of Rotated Raman Tensors)
#-0.01013314 -0.00025056 -0.0001869 
#-0.00025056 -0.01009551 -0.00022346
#-0.0001869  -0.00022346 -0.00993234

! v_60 = 3205.5084/cm
 6.75724228e+00  1.23885271e-03  1.13185859e-04  0.00000000e+00
 1.23885271e-03  5.23823540e+00 -1.08267056e-04  0.00000000e+00
 1.13185859e-04 -1.08267056e-04  5.23847929e+00  0.00000000e+00
 0.00000000e+00  0.00000000e+00  0.00000000e+00  0.00000000e+00

#! v_60 = 3205.5084/cm (Mean Of Rotated Raman Tensors)
# 2.23308671e+00  2.26459886e-05 -1.55327328e-04
# 2.26459886e-05  2.23244174e+00  3.22972420e-05
#-1.55327328e-04  3.22972420e-05  2.23268154e+00

! v_61 = 3480.0034/cm
 2.48603847e+00  1.71788700e-04 -1.30283472e-04  0.00000000e+00
 1.71788700e-04  2.06179367e+00  6.63631732e-06  0.00000000e+00
-1.30283472e-04  6.63631732e-06  2.06187070e+00  0.00000000e+00
 0.00000000e+00  0.00000000e+00  0.00000000e+00  0.00000000e+00

#! v_61 = 3480.0034/cm (Mean Of Rotated Raman Tensors)
# 1.41110370e+00 -5.74855146e-05  9.80689238e-06
#-5.74855146e-05  1.41102824e+00  6.36328759e-05
# 9.80689238e-06  6.36328759e-05  1.41090806e+00

! v_62 = 3571.6208/cm
 1.09360764e+00  2.54868365e-05  7.36936213e-05  0.00000000e+00
 2.54868365e-05  1.95959863e-01 -4.32220709e-04  0.00000000e+00
 7.36936213e-05 -4.32220709e-04  1.95977812e-01  0.00000000e+00
 0.00000000e+00  0.00000000e+00  0.00000000e+00  0.00000000e+00

#! v_62 = 3571.6208/cm (Mean Of Rotated Raman Tensors)
#2.15528935e-01 1.76154407e-04 2.17614558e-04
#1.76154407e-04 2.15287896e-01 1.92621054e-04
#2.17614558e-04 1.92621054e-04 2.15366169e-01

! v_63 = 3666.4515/cm
 2.66531663e+00 -1.99082424e-04  1.59345902e-04  0.00000000e+00
-1.99082424e-04  1.59633577e+00 -3.72819810e-04  0.00000000e+00
 1.59345902e-04 -3.72819810e-04  1.59603278e+00  0.00000000e+00
 0.00000000e+00  0.00000000e+00  0.00000000e+00  0.00000000e+00

#! v_63 = 3666.4515/cm (Mean Of Rotated Raman Tensors)
#-1.19078068e+00 -1.39949338e-05 -2.01013936e-04
#-1.39949338e-05 -1.19081288e+00 -6.59127100e-05
#-2.01013936e-04 -6.59127100e-05 -1.19080145e+00