# polaram convert /home/jonas/code/python/PolaRam/res/molecularTensorPhenylalanine.txt --output /home/jonas/Dokumente/uni/semester7/bachelorarbeit/scripts/auswertungSpektren/polaram/labratoryMatrixPhenylalanine.txt --log /home/jonas/code/python/PolaRam/log/convertRamanTensor.log --iterations 10000000 --threshold 2
# Execution time: 2020-12-31 00:16:15.706402

! v_1 = 33.9110/cm
3.01178944e-02 8.30278478e-07 1.06508036e-06 0.00000000e+00
8.30278478e-07 4.29670983e-03 9.48675654e-06 0.00000000e+00
1.06508036e-06 9.48675654e-06 4.32097452e-03 0.00000000e+00
0.00000000e+00 0.00000000e+00 0.00000000e+00 0.00000000e+00

#! v_1 = 33.9110/cm (Mean Of Rotated Raman Tensors)
#-1.95748740e-03  2.05517447e-05  2.29894213e-05
# 2.05517447e-05 -1.98169780e-03 -4.48150102e-05
# 2.29894213e-05 -4.48150102e-05 -1.91141481e-03

! v_2 = 42.9975/cm
 3.74426714e-02  5.60567483e-06 -2.63526599e-06  0.00000000e+00
 5.60567483e-06  5.54648453e-03 -1.92095849e-05  0.00000000e+00
-2.63526599e-06 -1.92095849e-05  5.56702151e-03  0.00000000e+00
 0.00000000e+00  0.00000000e+00  0.00000000e+00  0.00000000e+00

#! v_2 = 42.9975/cm (Mean Of Rotated Raman Tensors)
#-1.10194611e-02  2.51564674e-05  1.06090981e-07
# 2.51564674e-05 -1.10578106e-02 -4.80349435e-05
# 1.06090981e-07 -4.80349435e-05 -1.10432283e-02

! v_3 = 54.9092/cm
 1.40535342e-02  5.97458588e-07 -5.26736251e-07  0.00000000e+00
 5.97458588e-07  2.29711520e-03 -8.00392469e-06  0.00000000e+00
-5.26736251e-07 -8.00392469e-06  2.30054791e-03  0.00000000e+00
 0.00000000e+00  0.00000000e+00  0.00000000e+00  0.00000000e+00

#! v_3 = 54.9092/cm (Mean Of Rotated Raman Tensors)
#-1.30716042e-02 -1.71691131e-05  2.57021493e-06
#-1.71691131e-05 -1.30502346e-02  6.54786538e-05
# 2.57021493e-06  6.54786538e-05 -1.30461612e-02

! v_4 = 91.9286/cm
 2.46651836e-02  7.06528743e-06  1.72435192e-06  0.00000000e+00
 7.06528743e-06  4.88814609e-03 -1.00235442e-05  0.00000000e+00
 1.72435192e-06 -1.00235442e-05  4.88022661e-03  0.00000000e+00
 0.00000000e+00  0.00000000e+00  0.00000000e+00  0.00000000e+00

#! v_4 = 91.9286/cm (Mean Of Rotated Raman Tensors)
#-2.81903805e-02 -4.46918244e-07  1.36110292e-05
#-4.46918244e-07 -2.81924785e-02  4.62625995e-05
# 1.36110292e-05  4.62625995e-05 -2.81570910e-02

! v_5 = 179.9603/cm
2.39731447e-02 4.75434769e-06 3.22538557e-06 0.00000000e+00
4.75434769e-06 4.10622518e-03 1.61426360e-06 0.00000000e+00
3.22538557e-06 1.61426360e-06 4.11107185e-03 0.00000000e+00
0.00000000e+00 0.00000000e+00 0.00000000e+00 0.00000000e+00

#! v_5 = 179.9603/cm (Mean Of Rotated Raman Tensors)
#-1.99975172e-02 -2.72873656e-06 -1.82581050e-05
#-2.72873656e-06 -1.99887289e-02 -4.70918177e-05
#-1.82581050e-05 -4.70918177e-05 -2.00257539e-02

! v_6 = 245.1754/cm
 3.57118925e-03 -2.14636629e-06 -1.56855480e-06  0.00000000e+00
-2.14636629e-06  8.67397249e-04  6.85589851e-07  0.00000000e+00
-1.56855480e-06  6.85589851e-07  8.68018560e-04  0.00000000e+00
 0.00000000e+00  0.00000000e+00  0.00000000e+00  0.00000000e+00

#! v_6 = 245.1754/cm (Mean Of Rotated Raman Tensors)
#-1.44159874e-02  1.81362776e-05 -4.01820173e-06
# 1.81362776e-05 -1.44559967e-02 -8.95598937e-06
#-4.01820173e-06 -8.95598937e-06 -1.44489159e-02

! v_7 = 289.3892/cm
 2.00805156e-02  4.18671607e-06  3.21287549e-06  0.00000000e+00
 4.18671607e-06  8.25711745e-03 -3.49317972e-06  0.00000000e+00
 3.21287549e-06 -3.49317972e-06  8.25212118e-03  0.00000000e+00
 0.00000000e+00  0.00000000e+00  0.00000000e+00  0.00000000e+00

#! v_7 = 289.3892/cm (Mean Of Rotated Raman Tensors)
#-5.60681487e-02 -1.15654544e-05  7.37853975e-06
#-1.15654544e-05 -5.60483808e-02  4.69488445e-05
# 7.37853975e-06  4.69488445e-05 -5.60427705e-02

! v_8 = 298.6721/cm
 2.10731449e-02 -1.02910289e-07 -5.47442914e-07  0.00000000e+00
-1.02910289e-07  1.05204176e-02  6.46708580e-07  0.00000000e+00
-5.47442914e-07  6.46708580e-07  1.05203971e-02  0.00000000e+00
 0.00000000e+00  0.00000000e+00  0.00000000e+00  0.00000000e+00

#! v_8 = 298.6721/cm (Mean Of Rotated Raman Tensors)
# 6.61882158e-02 -2.14226442e-06 -3.35664975e-07
#-2.14226442e-06  6.61861712e-02  1.78789556e-05
#-3.35664975e-07  1.78789556e-05  6.62045630e-02

! v_9 = 317.1495/cm
 1.64126739e-02 -9.76250686e-08  7.73551955e-07  0.00000000e+00
-9.76250686e-08  1.09696106e-02  2.34667747e-06  0.00000000e+00
 7.73551955e-07  2.34667747e-06  1.09701088e-02  0.00000000e+00
 0.00000000e+00  0.00000000e+00  0.00000000e+00  0.00000000e+00

#! v_9 = 317.1495/cm (Mean Of Rotated Raman Tensors)
#-7.09300936e-02  2.41471062e-06 -1.10013811e-06
# 2.41471062e-06 -7.09331849e-02 -3.85239702e-07
#-1.10013811e-06 -3.85239702e-07 -7.09471715e-02

! v_10 = 358.5207/cm
 5.13988502e-04 -6.29390390e-08 -6.92821208e-08  0.00000000e+00
-6.29390390e-08  1.75159979e-04  7.59326838e-08  0.00000000e+00
-6.92821208e-08  7.59326838e-08  1.75530379e-04  0.00000000e+00
 0.00000000e+00  0.00000000e+00  0.00000000e+00  0.00000000e+00

#! v_10 = 358.5207/cm (Mean Of Rotated Raman Tensors)
# 7.70606089e-03 -2.93203960e-06 -1.86267930e-06
#-2.93203960e-06  7.71247843e-03 -2.33937235e-06
#-1.86267930e-06 -2.33937235e-06  7.70448567e-03

! v_11 = 416.0615/cm
 2.09940987e-04  3.81513796e-08  2.15333807e-08  0.00000000e+00
 3.81513796e-08  1.08365010e-04 -6.16128604e-08  0.00000000e+00
 2.15333807e-08 -6.16128604e-08  1.08307716e-04  0.00000000e+00
 0.00000000e+00  0.00000000e+00  0.00000000e+00  0.00000000e+00

#! v_11 = 416.0615/cm (Mean Of Rotated Raman Tensors)
# 6.76177371e-03  1.28774002e-06 -4.19832466e-07
# 1.28774002e-06  6.75993928e-03 -5.29333091e-06
#-4.19832466e-07 -5.29333091e-06  6.75925201e-03

! v_12 = 458.2468/cm
 4.26846838e-02  4.56595868e-06  5.30831604e-06  0.00000000e+00
 4.56595868e-06  3.03009224e-02 -9.43178270e-07  0.00000000e+00
 5.30831604e-06 -9.43178270e-07  3.02985857e-02  0.00000000e+00
 0.00000000e+00  0.00000000e+00  0.00000000e+00  0.00000000e+00

#! v_12 = 458.2468/cm (Mean Of Rotated Raman Tensors)
#-1.18830637e-01 -9.90197803e-06  1.08231852e-05
#-9.90197803e-06 -1.18796289e-01 -1.66735688e-05
# 1.08231852e-05 -1.66735688e-05 -1.18800374e-01

! v_13 = 519.3121/cm
8.52378280e-03 4.75047848e-07 1.48691185e-06 0.00000000e+00
4.75047848e-07 2.23440193e-03 2.82073359e-06 0.00000000e+00
1.48691185e-06 2.82073359e-06 2.24134640e-03 0.00000000e+00
0.00000000e+00 0.00000000e+00 0.00000000e+00 0.00000000e+00

#! v_13 = 519.3121/cm (Mean Of Rotated Raman Tensors)
#-2.43961326e-02 -7.65430710e-06 -5.61906676e-06
#-7.65430710e-06 -2.43787456e-02 -3.99888931e-06
#-5.61906676e-06 -3.99888931e-06 -2.44089219e-02

! v_14 = 597.9584/cm
 1.52011347e-02 -4.10927264e-06 -4.38048260e-06  0.00000000e+00
-4.10927264e-06  4.76674810e-03  5.15396512e-06  0.00000000e+00
-4.38048260e-06  5.15396512e-06  4.77379735e-03  0.00000000e+00
 0.00000000e+00  0.00000000e+00  0.00000000e+00  0.00000000e+00

#! v_14 = 597.9584/cm (Mean Of Rotated Raman Tensors)
# 3.88979905e-02 -2.53816512e-05 -7.52510545e-06
#-2.53816512e-05  3.89528032e-02 -5.20046478e-06
#-7.52510545e-06 -5.20046478e-06  3.89158613e-02

! v_15 = 627.0428/cm
1.72186923e-02 4.21809886e-06 3.95805040e-06 0.00000000e+00
4.21809886e-06 6.65237241e-03 4.01285390e-06 0.00000000e+00
3.95805040e-06 4.01285390e-06 6.66697089e-03 0.00000000e+00
0.00000000e+00 0.00000000e+00 0.00000000e+00 0.00000000e+00

#! v_15 = 627.0428/cm (Mean Of Rotated Raman Tensors)
# 4.95111714e-02  2.10214558e-05  9.34142675e-06
# 2.10214558e-05  4.94700383e-02 -9.05901487e-06
# 9.34142675e-06 -9.05901487e-06  4.95153403e-02

! v_16 = 634.8215/cm
 4.09288210e-02 -3.56519455e-06 -1.15748056e-05  0.00000000e+00
-3.56519455e-06  5.87846889e-03 -3.67978063e-06  0.00000000e+00
-1.15748056e-05 -3.67978063e-06  5.85838651e-03  0.00000000e+00
 0.00000000e+00  0.00000000e+00  0.00000000e+00  0.00000000e+00

#! v_16 = 634.8215/cm (Mean Of Rotated Raman Tensors)
#-3.47558422e-03  1.35070149e-05  2.83936023e-05
# 1.35070149e-05 -3.48167127e-03 -4.97641104e-05
# 2.83936023e-05 -4.97641104e-05 -3.43539451e-03

! v_17 = 644.0624/cm
 2.10321664e-02  7.74363519e-06  5.86335172e-06  0.00000000e+00
 7.74363519e-06  1.09419143e-02 -2.22297663e-06  0.00000000e+00
 5.86335172e-06 -2.22297663e-06  1.09365992e-02  0.00000000e+00
 0.00000000e+00  0.00000000e+00  0.00000000e+00  0.00000000e+00

#! v_17 = 644.0624/cm (Mean Of Rotated Raman Tensors)
#-6.80609768e-02 -2.88767395e-05 -3.92242070e-06
#-2.88767395e-05 -6.80114211e-02  4.28308696e-05
#-3.92242070e-06  4.28308696e-05 -6.80259021e-02

! v_18 = 711.3407/cm
 9.67892250e-04  7.26228479e-09  6.97827583e-08  0.00000000e+00
 7.26228479e-09  6.21506962e-04 -5.24820827e-08  0.00000000e+00
 6.97827583e-08 -5.24820827e-08  6.21814056e-04  0.00000000e+00
 0.00000000e+00  0.00000000e+00  0.00000000e+00  0.00000000e+00

#! v_18 = 711.3407/cm (Mean Of Rotated Raman Tensors)
# 1.67919817e-02  5.22131957e-07 -1.75610562e-06
# 5.22131957e-07  1.67923522e-02 -7.65245590e-06
#-1.75610562e-06 -7.65245590e-06  1.67871161e-02

! v_19 = 755.2786/cm
 8.21797505e-02  3.72318722e-06  2.04634992e-06  0.00000000e+00
 3.72318722e-06  7.62019494e-02 -2.26452896e-07  0.00000000e+00
 2.04634992e-06 -2.26452896e-07  7.62050351e-02  0.00000000e+00
 0.00000000e+00  0.00000000e+00  0.00000000e+00  0.00000000e+00

#! v_19 = 755.2786/cm (Mean Of Rotated Raman Tensors)
#-1.93921374e-01 -1.93509857e-06 -1.70333469e-06
#-1.93509857e-06 -1.93910300e-01 -2.10973536e-05
#-1.70333469e-06 -2.10973536e-05 -1.93929826e-01

! v_20 = 771.8421/cm
 1.76144021e-02  1.45148527e-08 -5.97629915e-07  0.00000000e+00
 1.45148527e-08  1.56918632e-02 -1.91636841e-07  0.00000000e+00
-5.97629915e-07 -1.91636841e-07  1.56934854e-02  0.00000000e+00
 0.00000000e+00  0.00000000e+00  0.00000000e+00  0.00000000e+00

#! v_20 = 771.8421/cm (Mean Of Rotated Raman Tensors)
# 8.76711001e-02 -1.55667175e-06  2.96793813e-06
#-1.55667175e-06  8.76713250e-02  1.52493042e-05
# 2.96793813e-06  1.52493042e-05  8.76765748e-02

! v_21 = 804.1376/cm
4.32594438e-02 1.41808610e-05 1.46365271e-05 0.00000000e+00
1.41808610e-05 3.08593254e-02 4.96247414e-06 0.00000000e+00
1.46365271e-05 4.96247414e-06 3.08480805e-02 0.00000000e+00
0.00000000e+00 0.00000000e+00 0.00000000e+00 0.00000000e+00

#! v_21 = 804.1376/cm (Mean Of Rotated Raman Tensors)
#-1.20004801e-01 -2.56099735e-05  1.93406922e-05
#-2.56099735e-05 -1.19937024e-01 -1.98361759e-05
# 1.93406922e-05 -1.98361759e-05 -1.19913675e-01

! v_22 = 834.6371/cm
 7.20367126e-02 -3.41919480e-05 -2.64149365e-05  0.00000000e+00
-3.41919480e-05  5.85724358e-02  2.65280605e-06  0.00000000e+00
-2.64149365e-05  2.65280605e-06  5.85708889e-02  0.00000000e+00
 0.00000000e+00  0.00000000e+00  0.00000000e+00  0.00000000e+00

#! v_22 = 834.6371/cm (Mean Of Rotated Raman Tensors)
#-1.67776576e-01  3.71810448e-05 -1.60706360e-05
# 3.71810448e-05 -1.67861539e-01 -2.08752376e-05
#-1.60706360e-05 -2.08752376e-05 -1.67862885e-01

! v_23 = 859.3486/cm
 6.97031607e-03  7.28963727e-09 -1.21237902e-06  0.00000000e+00
 7.28963727e-09  1.14557877e-03 -1.61658406e-06  0.00000000e+00
-1.21237902e-06 -1.61658406e-06  1.15152880e-03  0.00000000e+00
 0.00000000e+00  0.00000000e+00  0.00000000e+00  0.00000000e+00

#! v_23 = 859.3486/cm (Mean Of Rotated Raman Tensors)
# 9.44176498e-03 -1.22674201e-05 -1.06823349e-06
#-1.22674201e-05  9.46166579e-03  2.36497694e-05
#-1.06823349e-06  2.36497694e-05  9.44676923e-03

! v_24 = 864.7519/cm
 2.45119860e-02 -3.46051574e-06 -2.13883865e-06  0.00000000e+00
-3.46051574e-06  2.03267248e-02 -1.03993361e-07  0.00000000e+00
-2.13883865e-06 -1.03993361e-07  2.03247919e-02  0.00000000e+00
 0.00000000e+00  0.00000000e+00  0.00000000e+00  0.00000000e+00

#! v_24 = 864.7519/cm (Mean Of Rotated Raman Tensors)
#-9.90569415e-02  7.17500583e-06 -1.07868860e-05
# 7.17500583e-06 -9.90758743e-02 -1.17342349e-05
#-1.07868860e-05 -1.17342349e-05 -9.90925842e-02

! v_25 = 926.4249/cm
 3.51152363e-02  6.83218930e-06  5.64238561e-06  0.00000000e+00
 6.83218930e-06  7.45512009e-03 -6.31959374e-06  0.00000000e+00
 5.64238561e-06 -6.31959374e-06  7.44875087e-03  0.00000000e+00
 0.00000000e+00  0.00000000e+00  0.00000000e+00  0.00000000e+00

#! v_25 = 926.4249/cm (Mean Of Rotated Raman Tensors)
# 3.77353343e-02  2.02829368e-05 -2.01272476e-05
# 2.02829368e-05  3.76957516e-02 -6.82301697e-05
#-2.01272476e-05 -6.82301697e-05  3.76698642e-02

! v_26 = 971.2632/cm
 1.78132471e-02 -5.08964200e-06 -8.02397372e-06  0.00000000e+00
-5.08964200e-06  1.11318052e-02 -3.95297277e-06  0.00000000e+00
-8.02397372e-06 -3.95297277e-06  1.11328906e-02  0.00000000e+00
 0.00000000e+00  0.00000000e+00  0.00000000e+00  0.00000000e+00

#! v_26 = 971.2632/cm (Mean Of Rotated Raman Tensors)
#-7.07601231e-02  2.35518447e-05  4.37913565e-07
# 2.35518447e-05 -7.07994817e-02 -4.36670667e-05
# 4.37913565e-07 -4.36670667e-05 -7.07906372e-02

! v_27 = 979.7681/cm
 3.78868770e-04 -1.39107794e-07 -2.18746473e-08  0.00000000e+00
-1.39107794e-07  2.07101690e-04  6.72393553e-08  0.00000000e+00
-2.18746473e-08  6.72393553e-08  2.07020720e-04  0.00000000e+00
 0.00000000e+00  0.00000000e+00  0.00000000e+00  0.00000000e+00

#! v_27 = 979.7681/cm (Mean Of Rotated Raman Tensors)
#-9.44296298e-03  1.15089417e-06 -2.16514757e-06
# 1.15089417e-06 -9.44762203e-03  4.54236060e-06
#-2.16514757e-06  4.54236060e-06 -9.45106499e-03

! v_28 = 1001.1721/cm
1.24535924e-03 2.03633248e-07 2.74178567e-07 0.00000000e+00
2.03633248e-07 5.09856150e-04 5.59289860e-08 0.00000000e+00
2.74178567e-07 5.59289860e-08 5.09835293e-04 0.00000000e+00
0.00000000e+00 0.00000000e+00 0.00000000e+00 0.00000000e+00

#! v_28 = 1001.1721/cm (Mean Of Rotated Raman Tensors)
#-1.39193571e-02 -3.96443180e-06  1.72911905e-06
#-3.96443180e-06 -1.39111725e-02  8.64488008e-06
# 1.72911905e-06  8.64488008e-06 -1.39126704e-02

! v_29 = 1016.2137/cm
 4.06198813e-01 -3.59438083e-05 -2.88820499e-05  0.00000000e+00
-3.59438083e-05  3.67726213e-01  7.92352794e-06  0.00000000e+00
-2.88820499e-05  7.92352794e-06  3.67705079e-01  0.00000000e+00
 0.00000000e+00  0.00000000e+00  0.00000000e+00  0.00000000e+00

#! v_29 = 1016.2137/cm (Mean Of Rotated Raman Tensors)
# 4.25002877e-01 -2.52472502e-05  7.70252176e-06
#-2.52472502e-05  4.25060022e-01 -2.36033321e-05
# 7.70252176e-06 -2.36033321e-05  4.25080602e-01

! v_30 = 1033.0237/cm
 2.70445274e-01  6.87046367e-05  7.01579074e-05  0.00000000e+00
 6.87046367e-05  1.33506092e-01 -2.02952866e-05  0.00000000e+00
 7.01579074e-05 -2.02952866e-05  1.33474558e-01  0.00000000e+00
 0.00000000e+00  0.00000000e+00  0.00000000e+00  0.00000000e+00

#! v_30 = 1033.0237/cm (Mean Of Rotated Raman Tensors)
#-2.35315852e-01 -6.74203206e-05  5.13672602e-05
#-6.74203206e-05 -2.35174791e-01  1.43044692e-04
# 5.13672602e-05  1.43044692e-04 -2.35114858e-01

! v_31 = 1054.6929/cm
 2.09341834e-01 -2.07015474e-05 -1.74422110e-05  0.00000000e+00
-2.07015474e-05  1.93590051e-01  2.93854175e-06  0.00000000e+00
-1.74422110e-05  2.93854175e-06  1.93579303e-01  0.00000000e+00
 0.00000000e+00  0.00000000e+00  0.00000000e+00  0.00000000e+00

#! v_31 = 1054.6929/cm (Mean Of Rotated Raman Tensors)
#-3.08976609e-01  1.86924599e-05 -4.06774388e-06
# 1.86924599e-05 -3.09019180e-01  1.73176353e-05
#-4.06774388e-06  1.73176353e-05 -3.09027712e-01

! v_32 = 1106.2333/cm
3.97295810e-02 6.93824796e-06 9.36107624e-06 0.00000000e+00
6.93824796e-06 2.05316811e-02 1.36306953e-06 0.00000000e+00
9.36107624e-06 1.36306953e-06 2.05295505e-02 0.00000000e+00
0.00000000e+00 0.00000000e+00 0.00000000e+00 0.00000000e+00

#! v_32 = 1106.2333/cm (Mean Of Rotated Raman Tensors)
# 9.31109822e-02  2.04142962e-05 -1.55371495e-05
# 2.04142962e-05  9.30635463e-02 -3.34693142e-05
#-1.55371495e-05 -3.34693142e-05  9.30597715e-02

! v_33 = 1110.4639/cm
 1.59475424e-02 -4.21754859e-06 -1.08334865e-06  0.00000000e+00
-4.21754859e-06  2.28032376e-03  4.42871351e-07  0.00000000e+00
-1.08334865e-06  4.42871351e-07  2.28523907e-03  0.00000000e+00
 0.00000000e+00  0.00000000e+00  0.00000000e+00  0.00000000e+00

#! v_33 = 1110.4639/cm (Mean Of Rotated Raman Tensors)
#-1.21788398e-03  1.75078996e-05 -7.65077406e-06
# 1.75078996e-05 -1.26369926e-03  4.58934164e-06
#-7.65077406e-06  4.58934164e-06 -1.24606676e-03

! v_34 = 1159.3392/cm
 1.83716138e-02 -2.70873395e-06 -6.88788827e-06  0.00000000e+00
-2.70873395e-06  8.44514809e-03 -1.78037757e-06  0.00000000e+00
-6.88788827e-06 -1.78037757e-06  8.44691186e-03  0.00000000e+00
 0.00000000e+00  0.00000000e+00  0.00000000e+00  0.00000000e+00

#! v_34 = 1159.3392/cm (Mean Of Rotated Raman Tensors)
#-5.82554704e-02  2.42195363e-05  1.28471745e-05
# 2.42195363e-05 -5.82922817e-02 -3.77639727e-05
# 1.28471745e-05 -3.77639727e-05 -5.82557479e-02

! v_35 = 1177.8881/cm
 3.55463921e-02 -1.34983032e-06 -3.66252452e-06  0.00000000e+00
-1.34983032e-06  1.16950976e-02 -3.10147498e-07  0.00000000e+00
-3.66252452e-06 -3.10147498e-07  1.16812546e-02  0.00000000e+00
 0.00000000e+00  0.00000000e+00  0.00000000e+00  0.00000000e+00

#! v_35 = 1177.8881/cm (Mean Of Rotated Raman Tensors)
# 6.20967520e-02 -2.88430736e-06 -2.45857580e-05
#-2.88430736e-06  6.20852947e-02  1.97650339e-05
#-2.45857580e-05  1.97650339e-05  6.20570533e-02

! v_36 = 1190.6930/cm
 4.54762462e-02 -3.92573496e-06 -1.32475939e-05  0.00000000e+00
-3.92573496e-06  6.62452071e-03 -4.88574794e-06  0.00000000e+00
-1.32475939e-05 -4.88574794e-06  6.60122015e-03  0.00000000e+00
 0.00000000e+00  0.00000000e+00  0.00000000e+00  0.00000000e+00

#! v_36 = 1190.6930/cm (Mean Of Rotated Raman Tensors)
#-8.20851191e-03  1.43073156e-05  2.90012036e-05
# 1.43073156e-05 -8.21534757e-03 -5.22220656e-05
# 2.90012036e-05 -5.22220656e-05 -8.16949052e-03

! v_37 = 1212.5763/cm
 3.49318150e-02 -1.71715760e-05 -6.10890815e-06  0.00000000e+00
-1.71715760e-05  5.79740955e-03  6.43134954e-06  0.00000000e+00
-6.10890815e-06  6.43134954e-06  5.80679681e-03  0.00000000e+00
 0.00000000e+00  0.00000000e+00  0.00000000e+00  0.00000000e+00

#! v_37 = 1212.5763/cm (Mean Of Rotated Raman Tensors)
#-2.16326967e-02  4.22071046e-05 -1.15512165e-05
# 4.22071046e-05 -2.17359076e-02  4.27549772e-06
#-1.15512165e-05  4.27549772e-06 -2.17088956e-02

! v_38 = 1228.4588/cm
 2.71197293e-01 -1.64848556e-05 -1.43077035e-05  0.00000000e+00
-1.64848556e-05  2.32176660e-01 -1.15076386e-06  0.00000000e+00
-1.43077035e-05 -1.15076386e-06  2.32149031e-01  0.00000000e+00
 0.00000000e+00  0.00000000e+00  0.00000000e+00  0.00000000e+00

#! v_38 = 1228.4588/cm (Mean Of Rotated Raman Tensors)
#-3.35877834e-01  1.96802439e-05 -8.56589834e-07
# 1.96802439e-05 -3.35924964e-01  4.32631314e-05
#-8.56589834e-07  4.32631314e-05 -3.35929201e-01

! v_39 = 1238.9638/cm
 1.99985853e-01  5.75243551e-07  1.41406089e-06  0.00000000e+00
 5.75243551e-07  1.24200102e-01 -4.97459981e-06  0.00000000e+00
 1.41406089e-06 -4.97459981e-06  1.24148728e-01  0.00000000e+00
 0.00000000e+00  0.00000000e+00  0.00000000e+00  0.00000000e+00

#! v_39 = 1238.9638/cm (Mean Of Rotated Raman Tensors)
# 2.36136688e-01 -1.85942681e-05 -4.81065553e-06
#-1.85942681e-05  2.36191045e-01 -9.49706999e-05
#-4.81065553e-06 -9.49706999e-05  2.36182267e-01

! v_40 = 1318.5650/cm
 3.64906443e-02  4.93286950e-06 -1.10736337e-06  0.00000000e+00
 4.93286950e-06  7.01500235e-03 -1.69636835e-05  0.00000000e+00
-1.10736337e-06 -1.69636835e-05  7.01539094e-03  0.00000000e+00
 0.00000000e+00  0.00000000e+00  0.00000000e+00  0.00000000e+00

#! v_40 = 1318.5650/cm (Mean Of Rotated Raman Tensors)
# 3.24440234e-02  3.68714778e-05 -7.66573056e-06
# 3.68714778e-05  3.23524955e-02  3.01359202e-05
#-7.66573056e-06  3.01359202e-05  3.23843111e-02

! v_41 = 1340.0531/cm
1.55798672e-01 1.65932956e-05 1.89764798e-05 0.00000000e+00
1.65932956e-05 8.33061606e-02 5.08067913e-06 0.00000000e+00
1.89764798e-05 5.08067913e-06 8.32752935e-02 0.00000000e+00
0.00000000e+00 0.00000000e+00 0.00000000e+00 0.00000000e+00

#! v_41 = 1340.0531/cm (Mean Of Rotated Raman Tensors)
#-1.88691228e-01  7.51851114e-07  1.93382454e-05
# 7.51851114e-07 -1.88682958e-01  3.44907216e-05
# 1.93382454e-05  3.44907216e-05 -1.88677964e-01

! v_42 = 1359.2679/cm
 1.68682121e-02 -7.22542894e-09 -3.47390696e-06  0.00000000e+00
-7.22542894e-09  8.20173961e-03 -6.55414960e-06  0.00000000e+00
-3.47390696e-06 -6.55414960e-06  8.20098938e-03  0.00000000e+00
 0.00000000e+00  0.00000000e+00  0.00000000e+00  0.00000000e+00

#! v_42 = 1359.2679/cm (Mean Of Rotated Raman Tensors)
#-5.81101813e-02  1.50069891e-05 -9.69131990e-07
# 1.50069891e-05 -5.81406260e-02 -8.48031731e-08
#-9.69131990e-07 -8.48031731e-08 -5.81318928e-02

! v_43 = 1368.3743/cm
 4.23547946e-02  4.72694411e-06 -3.82265753e-06  0.00000000e+00
 4.72694411e-06  9.18267899e-03 -6.54803481e-06  0.00000000e+00
-3.82265753e-06 -6.54803481e-06  9.16588908e-03  0.00000000e+00
 0.00000000e+00  0.00000000e+00  0.00000000e+00  0.00000000e+00

#! v_43 = 1368.3743/cm (Mean Of Rotated Raman Tensors)
# 4.27194382e-02  2.74799805e-05  4.76976849e-06
# 2.74799805e-05  4.26717526e-02 -6.00846159e-05
# 4.76976849e-06 -6.00846159e-05  4.26917991e-02

! v_44 = 1382.1569/cm
 1.78324955e-01  3.68154186e-05  1.65741291e-05  0.00000000e+00
 3.68154186e-05  6.06370110e-02 -3.56703007e-05  0.00000000e+00
 1.65741291e-05 -3.56703007e-05  6.05760321e-02  0.00000000e+00
 0.00000000e+00  0.00000000e+00  0.00000000e+00  0.00000000e+00

#! v_44 = 1382.1569/cm (Mean Of Rotated Raman Tensors)
# 1.43199150e-01  3.34968181e-05 -1.36308936e-05
# 3.34968181e-05  1.43130948e-01 -8.99233759e-05
#-1.36308936e-05 -8.99233759e-05  1.43127403e-01

! v_45 = 1460.9495/cm
 2.57469648e-02  1.34633760e-06 -2.68291249e-07  0.00000000e+00
 1.34633760e-06  8.24715328e-03 -2.23494513e-06  0.00000000e+00
-2.68291249e-07 -2.23494513e-06  8.25403733e-03  0.00000000e+00
 0.00000000e+00  0.00000000e+00  0.00000000e+00  0.00000000e+00

#! v_45 = 1460.9495/cm (Mean Of Rotated Raman Tensors)
# 5.16578334e-02 -4.55384060e-06  5.43851892e-06
#-4.55384060e-06  5.16539439e-02  6.59045793e-05
# 5.43851892e-06  6.59045793e-05  5.16626227e-02

! v_46 = 1494.5467/cm
1.76189556e-02 2.42897802e-06 1.44386881e-06 0.00000000e+00
2.42897802e-06 2.87477555e-03 3.99252180e-06 0.00000000e+00
1.44386881e-06 3.99252180e-06 2.87621389e-03 0.00000000e+00
0.00000000e+00 0.00000000e+00 0.00000000e+00 0.00000000e+00

#! v_46 = 1494.5467/cm (Mean Of Rotated Raman Tensors)
#-1.44628838e-02  5.58287897e-06  2.09143405e-05
# 5.58287897e-06 -1.44694968e-02  1.78951118e-05
# 2.09143405e-05  1.78951118e-05 -1.44295194e-02

! v_47 = 1505.4504/cm
 9.00603141e-02  2.52213704e-05  6.90129784e-06  0.00000000e+00
 2.52213704e-05  1.92584066e-02 -2.57733951e-05  0.00000000e+00
 6.90129784e-06 -2.57733951e-05  1.92329698e-02  0.00000000e+00
 0.00000000e+00  0.00000000e+00  0.00000000e+00  0.00000000e+00

#! v_47 = 1505.4504/cm (Mean Of Rotated Raman Tensors)
#-6.09981070e-02  2.34395505e-05  2.39454005e-05
# 2.34395505e-05 -6.10541210e-02  8.04507705e-05
# 2.39454005e-05  8.04507705e-05 -6.09840420e-02

! v_48 = 1539.3000/cm
 5.42729248e-03  1.19765072e-06  4.11235116e-07  0.00000000e+00
 1.19765072e-06  1.30787525e-03 -8.39367324e-07  0.00000000e+00
 4.11235116e-07 -8.39367324e-07  1.30720750e-03  0.00000000e+00
 0.00000000e+00  0.00000000e+00  0.00000000e+00  0.00000000e+00

#! v_48 = 1539.3000/cm (Mean Of Rotated Raman Tensors)
#-1.76174622e-02  5.18964160e-06  6.67023265e-06
# 5.18964160e-06 -1.76301757e-02  2.06453266e-05
# 6.67023265e-06  2.06453266e-05 -1.76118772e-02

! v_49 = 1634.6360/cm
 1.02211771e-01 -7.72982235e-06 -2.86634236e-05  0.00000000e+00
-7.72982235e-06  1.47551407e-02 -1.18951503e-05  0.00000000e+00
-2.86634236e-05 -1.18951503e-05  1.47027246e-02  0.00000000e+00
 0.00000000e+00  0.00000000e+00  0.00000000e+00  0.00000000e+00

#! v_49 = 1634.6360/cm (Mean Of Rotated Raman Tensors)
#-8.58376274e-03 -2.27973466e-05 -4.21083898e-05
#-2.27973466e-05 -8.57013684e-03  8.02580269e-05
#-4.21083898e-05  8.02580269e-05 -8.63760042e-03

! v_50 = 1656.0523/cm
5.20863056e-01 5.99428337e-06 9.86369558e-05 0.00000000e+00
5.99428337e-06 1.28082825e-01 8.64268219e-05 0.00000000e+00
9.86369558e-05 8.64268219e-05 1.28166154e-01 0.00000000e+00
0.00000000e+00 0.00000000e+00 0.00000000e+00 0.00000000e+00

#! v_50 = 1656.0523/cm (Mean Of Rotated Raman Tensors)
# 1.77052565e-01  9.23316891e-05 -3.26429920e-05
# 9.23316891e-05  1.76830133e-01 -7.14103147e-05
#-3.26429920e-05 -7.14103147e-05  1.76909802e-01

! v_51 = 1680.7437/cm
 2.85206926e-02 -2.40415341e-06 -3.12972686e-06  0.00000000e+00
-2.40415341e-06  4.91074383e-03  8.34182893e-06  0.00000000e+00
-3.12972686e-06  8.34182893e-06  4.93226414e-03  0.00000000e+00
 0.00000000e+00  0.00000000e+00  0.00000000e+00  0.00000000e+00

#! v_51 = 1680.7437/cm (Mean Of Rotated Raman Tensors)
#-2.21505317e-02  3.47420714e-05  1.21449168e-05
# 3.47420714e-05 -2.22270087e-02  1.52012560e-05
# 1.21449168e-05  1.52012560e-05 -2.21663096e-02

! v_52 = 1815.5212/cm
 6.63316572e-02 -3.13683775e-05 -1.74031426e-05  0.00000000e+00
-3.13683775e-05  4.04597086e-02 -6.82709246e-06  0.00000000e+00
-1.74031426e-05 -6.82709246e-06  4.04383588e-02  0.00000000e+00
 0.00000000e+00  0.00000000e+00  0.00000000e+00  0.00000000e+00

#! v_52 = 1815.5212/cm (Mean Of Rotated Raman Tensors)
# 1.34371790e-01 -2.32419822e-05  3.02885612e-05
#-2.32419822e-05  1.34445940e-01 -3.60380399e-05
# 3.02885612e-05 -3.60380399e-05  1.34470770e-01

! v_53 = 3040.0581/cm
 1.25258029e+00 -6.76872883e-05 -1.77971834e-04  0.00000000e+00
-6.76872883e-05  1.03160519e+00 -1.54987296e-04  0.00000000e+00
-1.77971834e-04 -1.54987296e-04  1.03161231e+00  0.00000000e+00
 0.00000000e+00  0.00000000e+00  0.00000000e+00  0.00000000e+00

#! v_53 = 3040.0581/cm (Mean Of Rotated Raman Tensors)
# 7.05242747e-01 -5.43746322e-05  1.10016011e-05
#-5.43746322e-05  7.05293067e-01  2.83046205e-04
# 1.10016011e-05  2.83046205e-04  7.05330186e-01

! v_54 = 3083.8355/cm
 8.09142639e-01 -1.66267800e-04  9.50138672e-07  0.00000000e+00
-1.66267800e-04  2.39388048e-01 -2.63452649e-05  0.00000000e+00
 9.50138672e-07 -2.63452649e-05  2.39107160e-01  0.00000000e+00
 0.00000000e+00  0.00000000e+00  0.00000000e+00  0.00000000e+00

#! v_54 = 3083.8355/cm (Mean Of Rotated Raman Tensors)
#-2.68520780e-01 -4.13156252e-05 -1.45024933e-04
#-4.13156252e-05 -2.68580725e-01  3.26474993e-04
#-1.45024933e-04  3.26474993e-04 -2.68845495e-01

! v_55 = 3103.7065/cm
 1.92425706e-01 -8.24783470e-05 -7.05666681e-05  0.00000000e+00
-8.24783470e-05  1.45523086e-01  9.25287940e-06  0.00000000e+00
-7.05666681e-05  9.25287940e-06  1.45520553e-01  0.00000000e+00
 0.00000000e+00  0.00000000e+00  0.00000000e+00  0.00000000e+00

#! v_55 = 3103.7065/cm (Mean Of Rotated Raman Tensors)
# 2.62329615e-01 -6.11987213e-05  1.74157288e-05
#-6.11987213e-05  2.62461595e-01  6.02839014e-05
# 1.74157288e-05  6.02839014e-05  2.62447490e-01

! v_56 = 3166.6573/cm
 5.67935471e-01 -9.27065782e-05 -2.31712654e-04  0.00000000e+00
-9.27065782e-05  1.87399567e-01  5.49958992e-06  0.00000000e+00
-2.31712654e-04  5.49958992e-06  1.87152510e-01  0.00000000e+00
 0.00000000e+00  0.00000000e+00  0.00000000e+00  0.00000000e+00

#! v_56 = 3166.6573/cm (Mean Of Rotated Raman Tensors)
# 2.48753940e-01 -1.10615273e-04 -6.45990240e-05
#-1.10615273e-04  2.48921577e-01  1.90503887e-04
#-6.45990240e-05  1.90503887e-04  2.48790133e-01

! v_57 = 3176.1083/cm
 6.19102509e-01 -3.28678946e-05 -1.61076243e-04  0.00000000e+00
-3.28678946e-05  8.85293528e-02  1.08311120e-04  0.00000000e+00
-1.61076243e-04  1.08311120e-04  8.84771049e-02  0.00000000e+00
 0.00000000e+00  0.00000000e+00  0.00000000e+00  0.00000000e+00

#! v_57 = 3176.1083/cm (Mean Of Rotated Raman Tensors)
#-5.12290644e-03  1.24349719e-04  8.00109245e-05
# 1.24349719e-04 -5.32454902e-03 -1.99580954e-04
# 8.00109245e-05 -1.99580954e-04 -5.11054454e-03

! v_58 = 3185.6408/cm
 1.30502164e+00 -8.67591068e-04 -4.14756255e-04  0.00000000e+00
-8.67591068e-04  3.83103152e-01 -1.43406671e-05  0.00000000e+00
-4.14756255e-04 -1.43406671e-05  3.82943306e-01  0.00000000e+00
 0.00000000e+00  0.00000000e+00  0.00000000e+00  0.00000000e+00

#! v_58 = 3185.6408/cm (Mean Of Rotated Raman Tensors)
#-3.38207752e-01  2.24930393e-04 -1.28709165e-04
# 2.24930393e-04 -3.38791390e-01  5.98203555e-05
#-1.28709165e-04  5.98203555e-05 -3.38767858e-01

! v_59 = 3194.1441/cm
 4.13685991e-01 -1.54120141e-05 -1.13203514e-04  0.00000000e+00
-1.54120141e-05  5.92051445e-02 -3.83884682e-06  0.00000000e+00
-1.13203514e-04 -3.83884682e-06  5.90834240e-02  0.00000000e+00
 0.00000000e+00  0.00000000e+00  0.00000000e+00  0.00000000e+00

#! v_59 = 3194.1441/cm (Mean Of Rotated Raman Tensors)
#-5.02385355e-03  6.05924804e-05  7.31865930e-05
# 6.05924804e-05 -5.09894331e-03 -1.38159988e-04
# 7.31865930e-05 -1.38159988e-04 -4.95770314e-03

! v_60 = 3205.5084/cm
 3.37847745e+00 -8.01484968e-04 -6.01144061e-04  0.00000000e+00
-8.01484968e-04  2.61888581e+00  2.75013095e-04  0.00000000e+00
-6.01144061e-04  2.75013095e-04  2.61839473e+00  0.00000000e+00
 0.00000000e+00  0.00000000e+00  0.00000000e+00  0.00000000e+00

#! v_60 = 3205.5084/cm (Mean Of Rotated Raman Tensors)
# 1.11603388e+00 -1.94259985e-04  8.02953601e-05
#-1.94259985e-04  1.11647532e+00 -3.17765921e-05
# 8.02953601e-05 -3.17765921e-05  1.11659580e+00

! v_61 = 3480.0034/cm
 1.24284551e+00 -1.90371621e-04 -2.23094613e-04  0.00000000e+00
-1.90371621e-04  1.03060050e+00 -6.54300581e-05  0.00000000e+00
-2.23094613e-04 -6.54300581e-05  1.03070249e+00  0.00000000e+00
 0.00000000e+00  0.00000000e+00  0.00000000e+00  0.00000000e+00

#! v_61 = 3480.0034/cm (Mean Of Rotated Raman Tensors)
# 7.05373954e-01 -8.38461188e-05  5.48892621e-05
#-8.38461188e-05  7.05521002e-01  2.17998448e-04
# 5.48892621e-05  2.17998448e-04  7.05625044e-01

! v_62 = 3571.6208/cm
 5.46550210e-01 -9.23982157e-05 -1.69973693e-04  0.00000000e+00
-9.23982157e-05  9.80876223e-02 -1.13335290e-04  0.00000000e+00
-1.69973693e-04 -1.13335290e-04  9.78695128e-02  0.00000000e+00
 0.00000000e+00  0.00000000e+00  0.00000000e+00  0.00000000e+00

#! v_62 = 3571.6208/cm (Mean Of Rotated Raman Tensors)
# 1.07718177e-01 -9.22559649e-05 -9.79396608e-05
#-9.22559649e-05  1.07789853e-01  3.59274281e-04
#-9.79396608e-05  3.59274281e-04  1.07583470e-01

! v_63 = 3666.4515/cm
 1.33284858e+00  4.68409315e-06 -7.33117738e-05  0.00000000e+00
 4.68409315e-06  7.98202892e-01  4.02661279e-05  0.00000000e+00
-7.33117738e-05  4.02661279e-05  7.98171351e-01  0.00000000e+00
 0.00000000e+00  0.00000000e+00  0.00000000e+00  0.00000000e+00

#! v_63 = 3666.4515/cm (Mean Of Rotated Raman Tensors)
#-5.95475356e-01  3.40697787e-05  5.86856010e-05
# 3.40697787e-05 -5.95435568e-01 -3.92930668e-04
# 5.86856010e-05 -3.92930668e-04 -5.95286575e-01