# polaram convert /home/jonas/Dokumente/uni/semester7/simulationSpektren/muellersim/input/molecularTensorMaltose.txt --output /home/jonas/Dokumente/uni/semester7/simulationSpektren/muellersim/input/labratoryMatrixMaltose.txt --log /home/jonas/code/python/PolaRam/log/convertRamanTensor.log --iterations 3000000 --threshold 2
# Execution time: 2020-10-13 00:51:02.654058

! v_1 = 17.9395/cm
1.28038996e-03 4.25807974e-08 4.54817283e-07 0.00000000e+00
4.25807974e-08 1.87633546e-04 1.48169730e-07 0.00000000e+00
4.54817283e-07 1.48169730e-07 1.88335580e-04 0.00000000e+00
0.00000000e+00 0.00000000e+00 0.00000000e+00 0.00000000e+00

#! v_1 = 17.9395/cm (Raman Tensor)
#-2.45464962e-03 -1.05696164e-05  2.62312551e-05
#-1.05696164e-05 -2.46384684e-03 -3.95216395e-06
# 2.62312551e-05 -3.95216395e-06 -2.46460354e-03

! v_2 = 39.9802/cm
 4.98409431e-03  1.31771162e-06 -7.45641579e-07  0.00000000e+00
 1.31771162e-06  8.50932763e-04  5.54370981e-08  0.00000000e+00
-7.45641579e-07  5.54370981e-08  8.54667620e-04  0.00000000e+00
 0.00000000e+00  0.00000000e+00  0.00000000e+00  0.00000000e+00

#! v_2 = 39.9802/cm (Raman Tensor)
#-1.28140166e-02 -3.01893818e-06  2.84836398e-05
#-3.01893818e-06 -1.27672600e-02  5.09052189e-06
# 2.84836398e-05  5.09052189e-06 -1.27591234e-02

! v_3 = 53.3716/cm
 9.20061995e-04  1.25686089e-07 -1.64781317e-07  0.00000000e+00
 1.25686089e-07  1.56320645e-04  1.22043854e-07  0.00000000e+00
-1.64781317e-07  1.22043854e-07  1.56162578e-04  0.00000000e+00
 0.00000000e+00  0.00000000e+00  0.00000000e+00  0.00000000e+00

#! v_3 = 53.3716/cm (Raman Tensor)
# 5.37711733e-03 -2.08903187e-06 -3.96420426e-06
#-2.08903187e-06  5.34958574e-03  1.96027766e-06
#-3.96420426e-06  1.96027766e-06  5.33109693e-03

! v_4 = 63.4311/cm
 5.58959841e-03 -1.40457183e-06  2.81760229e-06  0.00000000e+00
-1.40457183e-06  1.87868089e-03 -3.86322711e-07  0.00000000e+00
 2.81760229e-06 -3.86322711e-07  1.88138177e-03  0.00000000e+00
 0.00000000e+00  0.00000000e+00  0.00000000e+00  0.00000000e+00

#! v_4 = 63.4311/cm (Raman Tensor)
# 3.55169163e-02  2.50815719e-05 -5.19413303e-05
# 2.50815719e-05  3.55278165e-02  2.19123000e-05
#-5.19413303e-05  2.19123000e-05  3.55081271e-02

! v_5 = 85.1896/cm
 2.91652599e-03 -1.22366422e-06  1.07617405e-06  0.00000000e+00
-1.22366422e-06  4.60958310e-04 -1.47551639e-06  0.00000000e+00
 1.07617405e-06 -1.47551639e-06  4.55949875e-04  0.00000000e+00
 0.00000000e+00  0.00000000e+00  0.00000000e+00  0.00000000e+00

#! v_5 = 85.1896/cm (Raman Tensor)
# 6.96025833e-03  7.88768070e-06 -1.95165139e-05
# 7.88768070e-06  6.97244358e-03  1.65124777e-05
#-1.95165139e-05  1.65124777e-05  6.93039809e-03

! v_6 = 90.7863/cm
 1.56555882e-03 -4.76853585e-07  6.35362241e-07  0.00000000e+00
-4.76853585e-07  2.76241783e-04  5.60771250e-07  0.00000000e+00
 6.35362241e-07  5.60771250e-07  2.76562055e-04  0.00000000e+00
 0.00000000e+00  0.00000000e+00  0.00000000e+00  0.00000000e+00

#! v_6 = 90.7863/cm (Raman Tensor)
# 7.84073025e-03  2.33248188e-05 -2.75889209e-05
# 2.33248188e-05  7.87483767e-03  1.86750199e-05
#-2.75889209e-05  1.86750199e-05  7.86010208e-03

! v_7 = 101.7976/cm
 6.35860802e-03  3.37317435e-06 -2.96965877e-06  0.00000000e+00
 3.37317435e-06  1.57554103e-03 -1.46680252e-06  0.00000000e+00
-2.96965877e-06 -1.46680252e-06  1.57805277e-03  0.00000000e+00
 0.00000000e+00  0.00000000e+00  0.00000000e+00  0.00000000e+00

#! v_7 = 101.7976/cm (Raman Tensor)
# 2.79566853e-02 -4.17459779e-05  1.22706884e-05
#-4.17459779e-05  2.79003208e-02 -4.21087617e-05
# 1.22706884e-05 -4.21087617e-05  2.79380139e-02

! v_8 = 123.9470/cm
 2.00977014e-03 -6.94348085e-07  2.95075128e-08  0.00000000e+00
-6.94348085e-07  3.10768409e-04 -1.18317978e-06  0.00000000e+00
 2.95075128e-08 -1.18317978e-06  3.08412829e-04  0.00000000e+00
 0.00000000e+00  0.00000000e+00  0.00000000e+00  0.00000000e+00

#! v_8 = 123.9470/cm (Raman Tensor)
#-5.10592535e-03 -6.36015318e-06 -1.06838526e-05
#-6.36015318e-06 -5.09070977e-03  1.35764530e-05
#-1.06838526e-05  1.35764530e-05 -5.11954488e-03

! v_9 = 133.0218/cm
 6.24153427e-03 -1.92998188e-06  2.52743014e-06  0.00000000e+00
-1.92998188e-06  1.99601617e-03  9.92907601e-07  0.00000000e+00
 2.52743014e-06  9.92907601e-07  1.98853447e-03  0.00000000e+00
 0.00000000e+00  0.00000000e+00  0.00000000e+00  0.00000000e+00

#! v_9 = 133.0218/cm (Raman Tensor)
# 3.58144332e-02  2.16013275e-05 -1.31294947e-05
# 2.16013275e-05  3.58236341e-02 -1.15047612e-05
#-1.31294947e-05 -1.15047612e-05  3.58795326e-02

! v_10 = 154.3538/cm
 8.74503273e-03  2.73149022e-06 -1.98089925e-06  0.00000000e+00
 2.73149022e-06  2.83013945e-03 -4.99612276e-06  0.00000000e+00
-1.98089925e-06 -4.99612276e-06  2.83159422e-03  0.00000000e+00
 0.00000000e+00  0.00000000e+00  0.00000000e+00  0.00000000e+00

#! v_10 = 154.3538/cm (Raman Tensor)
#-4.29558936e-02  9.53737956e-06 -1.24828920e-05
# 9.53737956e-06 -4.29303197e-02  2.92517590e-05
#-1.24828920e-05  2.92517590e-05 -4.29382766e-02

! v_11 = 173.9083/cm
1.53984455e-02 2.35419493e-06 2.31430773e-06 0.00000000e+00
2.35419493e-06 2.29501655e-03 6.18609423e-06 0.00000000e+00
2.31430773e-06 6.18609423e-06 2.29059697e-03 0.00000000e+00
0.00000000e+00 0.00000000e+00 0.00000000e+00 0.00000000e+00

#! v_11 = 173.9083/cm (Raman Tensor)
# 1.04476065e-02 -1.50279534e-05  5.47321734e-05
#-1.50279534e-05  1.03848280e-02  3.06984602e-06
# 5.47321734e-05  3.06984602e-06  1.02982654e-02

! v_12 = 180.7930/cm
 1.97335660e-02  9.75204239e-07 -4.89355240e-06  0.00000000e+00
 9.75204239e-07  1.54715126e-02 -1.03321566e-06  0.00000000e+00
-4.89355240e-06 -1.03321566e-06  1.54740527e-02  0.00000000e+00
 0.00000000e+00  0.00000000e+00  0.00000000e+00  0.00000000e+00

#! v_12 = 180.7930/cm (Raman Tensor)
# 1.21502697e-01 -2.64212340e-05 -1.56052674e-05
#-2.64212340e-05  1.21512540e-01 -3.42074095e-05
#-1.56052674e-05 -3.42074095e-05  1.21577763e-01

! v_13 = 202.8728/cm
 4.20575375e-02 -5.88210981e-06  1.30914008e-05  0.00000000e+00
-5.88210981e-06  1.02160218e-02  1.37793559e-05  0.00000000e+00
 1.30914008e-05  1.37793559e-05  1.01686930e-02  0.00000000e+00
 0.00000000e+00  0.00000000e+00  0.00000000e+00  0.00000000e+00

#! v_13 = 202.8728/cm (Raman Tensor)
#-6.98498755e-02 -7.35607546e-05  7.23144010e-07
#-7.35607546e-05 -6.99398600e-02 -6.89642273e-05
# 7.23144010e-07 -6.89642273e-05 -6.97723645e-02

! v_14 = 207.5825/cm
 1.07852465e-02 -6.10478671e-06  3.46379262e-06  0.00000000e+00
-6.10478671e-06  3.29766136e-03 -1.42622738e-06  0.00000000e+00
 3.46379262e-06 -1.42622738e-06  3.27995450e-03  0.00000000e+00
 0.00000000e+00  0.00000000e+00  0.00000000e+00  0.00000000e+00

#! v_14 = 207.5825/cm (Raman Tensor)
# 4.51268558e-02  1.49638116e-05 -2.17268251e-05
# 1.49638116e-05  4.51848234e-02  3.77323283e-05
#-2.17268251e-05  3.77323283e-05  4.51055708e-02

! v_15 = 210.7645/cm
 1.46136245e-02  3.70610181e-06  5.22644485e-06  0.00000000e+00
 3.70610181e-06  2.35580921e-03 -2.60100793e-06  0.00000000e+00
 5.22644485e-06 -2.60100793e-06  2.35347501e-03  0.00000000e+00
 0.00000000e+00  0.00000000e+00  0.00000000e+00  0.00000000e+00

#! v_15 = 210.7645/cm (Raman Tensor)
#-1.76731091e-02 -2.76115393e-05 -1.08938111e-05
#-2.76115393e-05 -1.76714326e-02 -7.10051390e-05
#-1.08938111e-05 -7.10051390e-05 -1.75431883e-02

! v_16 = 237.2431/cm
 7.15613060e-03  1.82773830e-06 -7.07720598e-07  0.00000000e+00
 1.82773830e-06  1.07167925e-03 -5.25722348e-06  0.00000000e+00
-7.07720598e-07 -5.25722348e-06  1.07449004e-03  0.00000000e+00
 0.00000000e+00  0.00000000e+00  0.00000000e+00  0.00000000e+00

#! v_16 = 237.2431/cm (Raman Tensor)
#-7.61397784e-03 -1.84839069e-05  9.55726638e-06
#-1.84839069e-05 -7.65097543e-03 -3.67018682e-05
# 9.55726638e-06 -3.67018682e-05 -7.62964672e-03

! v_17 = 244.1685/cm
5.74682040e-03 2.88305422e-07 1.24179839e-06 0.00000000e+00
2.88305422e-07 8.67096747e-04 6.82229621e-07 0.00000000e+00
1.24179839e-06 6.82229621e-07 8.62268284e-04 0.00000000e+00
0.00000000e+00 0.00000000e+00 0.00000000e+00 0.00000000e+00

#! v_17 = 244.1685/cm (Raman Tensor)
#-7.15174906e-03  1.80106987e-05  1.93348595e-06
# 1.80106987e-05 -7.13190930e-03  4.49745960e-05
# 1.93348595e-06  4.49745960e-05 -7.21894164e-03

! v_18 = 246.3863/cm
 4.71308646e-03 -9.16987863e-07  2.44383276e-07  0.00000000e+00
-9.16987863e-07  6.72420877e-04  2.72727586e-06  0.00000000e+00
 2.44383276e-07  2.72727586e-06  6.75630195e-04  0.00000000e+00
 0.00000000e+00  0.00000000e+00  0.00000000e+00  0.00000000e+00

#! v_18 = 246.3863/cm (Raman Tensor)
#-6.31166857e-04  4.76641411e-05 -3.72763374e-05
# 4.76641411e-05 -6.12059340e-04  1.61566660e-05
#-3.72763374e-05  1.61566660e-05 -6.02773804e-04

! v_19 = 257.6584/cm
 1.09770121e-02 -2.12921252e-06  4.36162298e-06  0.00000000e+00
-2.12921252e-06  2.35760363e-03 -2.36214119e-07  0.00000000e+00
 4.36162298e-06 -2.36214119e-07  2.36071578e-03  0.00000000e+00
 0.00000000e+00  0.00000000e+00  0.00000000e+00  0.00000000e+00

#! v_19 = 257.6584/cm (Raman Tensor)
#-3.03753504e-02 -2.92094611e-05  7.51293555e-05
#-2.92094611e-05 -3.04351261e-02 -2.50049749e-05
# 7.51293555e-05 -2.50049749e-05 -3.04305035e-02

! v_20 = 263.3972/cm
 4.49913043e-03  5.18544231e-07  7.04414066e-07  0.00000000e+00
 5.18544231e-07  9.50309845e-04 -7.13088597e-07  0.00000000e+00
 7.04414066e-07 -7.13088597e-07  9.46555412e-04  0.00000000e+00
 0.00000000e+00  0.00000000e+00  0.00000000e+00  0.00000000e+00

#! v_20 = 263.3972/cm (Raman Tensor)
#-1.89219969e-02  1.85258213e-05 -3.51772255e-05
# 1.85258213e-05 -1.88788321e-02  1.13316546e-05
#-3.51772255e-05  1.13316546e-05 -1.88956710e-02

! v_21 = 298.8674/cm
 1.88166969e-02  6.19588547e-06  6.80595899e-06  0.00000000e+00
 6.19588547e-06  2.72888088e-03 -9.88758290e-06  0.00000000e+00
 6.80595899e-06 -9.88758290e-06  2.74143902e-03  0.00000000e+00
 0.00000000e+00  0.00000000e+00  0.00000000e+00  0.00000000e+00

#! v_21 = 298.8674/cm (Raman Tensor)
#7.70090291e-03 6.83351875e-05 9.29276983e-07
#6.83351875e-05 7.68766177e-03 8.22109631e-05
#9.29276983e-07 8.22109631e-05 7.55623532e-03

! v_22 = 304.4756/cm
1.06462066e-02 4.20782246e-06 1.96142806e-06 0.00000000e+00
4.20782246e-06 3.46679490e-03 4.39547339e-06 0.00000000e+00
1.96142806e-06 4.39547339e-06 3.46470959e-03 0.00000000e+00
0.00000000e+00 0.00000000e+00 0.00000000e+00 0.00000000e+00

#! v_22 = 304.4756/cm (Raman Tensor)
# 4.76698047e-02 -7.41932447e-08  2.97395473e-05
#-7.41932447e-08  4.76089221e-02  1.79929516e-05
# 2.97395473e-05  1.79929516e-05  4.75238131e-02

! v_23 = 332.1473/cm
 2.04255724e-02  5.40762580e-06 -6.11281805e-06  0.00000000e+00
 5.40762580e-06  9.62597912e-03  4.20550316e-06  0.00000000e+00
-6.11281805e-06  4.20550316e-06  9.61070320e-03  0.00000000e+00
 0.00000000e+00  0.00000000e+00  0.00000000e+00  0.00000000e+00

#! v_23 = 332.1473/cm (Raman Tensor)
#-8.84554447e-02  4.66415205e-05 -1.15717480e-05
# 4.66415205e-05 -8.83872526e-02  6.36598528e-05
#-1.15717480e-05  6.36598528e-05 -8.85057027e-02

! v_24 = 343.5967/cm
 1.07245748e-01 -3.23665413e-05  8.17982868e-05  0.00000000e+00
-3.23665413e-05  7.59087803e-02  9.23917446e-06  0.00000000e+00
 8.17982868e-05  9.23917446e-06  7.59432411e-02  0.00000000e+00
 0.00000000e+00  0.00000000e+00  0.00000000e+00  0.00000000e+00

#! v_24 = 343.5967/cm (Raman Tensor)
#-2.65870804e-01 -1.37269207e-04  1.36220328e-04
#-1.37269207e-04 -2.65950994e-01 -1.05845045e-04
# 1.36220328e-04 -1.05845045e-04 -2.65820901e-01

! v_25 = 361.2885/cm
4.20455134e-02 4.05268734e-06 1.01526968e-05 0.00000000e+00
4.05268734e-06 6.22935262e-03 8.77839468e-07 0.00000000e+00
1.01526968e-05 8.77839468e-07 6.20176571e-03 0.00000000e+00
0.00000000e+00 0.00000000e+00 0.00000000e+00 0.00000000e+00

#! v_25 = 361.2885/cm (Raman Tensor)
#-1.55511698e-02 -7.66219196e-06 -2.25713038e-05
#-7.66219196e-06 -1.55183917e-02 -1.06669342e-04
#-2.25713038e-05 -1.06669342e-04 -1.53004384e-02

! v_26 = 380.1402/cm
 8.97897090e-02  2.82456705e-05  3.63124117e-05  0.00000000e+00
 2.82456705e-05  5.79806209e-02 -2.76761567e-05  0.00000000e+00
 3.63124117e-05 -2.76761567e-05  5.79686553e-02  0.00000000e+00
 0.00000000e+00  0.00000000e+00  0.00000000e+00  0.00000000e+00

#! v_26 = 380.1402/cm (Raman Tensor)
#2.29574368e-01 5.86775370e-05 7.07145683e-06
#5.86775370e-05 2.29451875e-01 5.35776225e-05
#7.07145683e-06 5.35776225e-05 2.29393256e-01

! v_27 = 394.7416/cm
3.30484932e-02 3.45096581e-06 6.76747605e-06 0.00000000e+00
3.45096581e-06 8.70622694e-03 5.79223225e-06 0.00000000e+00
6.76747605e-06 5.79223225e-06 8.74351602e-03 0.00000000e+00
0.00000000e+00 0.00000000e+00 0.00000000e+00 0.00000000e+00

#! v_27 = 394.7416/cm (Raman Tensor)
#-6.83398153e-02 -8.49342934e-05  6.81681128e-05
#-8.49342934e-05 -6.83243068e-02 -2.29808559e-05
# 6.81681128e-05 -2.29808559e-05 -6.82615779e-02

! v_28 = 399.1643/cm
 1.03439092e-02  2.99962097e-06 -7.57110472e-06  0.00000000e+00
 2.99962097e-06  3.18463169e-03  5.22355780e-06  0.00000000e+00
-7.57110472e-06  5.22355780e-06  3.18839974e-03  0.00000000e+00
 0.00000000e+00  0.00000000e+00  0.00000000e+00  0.00000000e+00

#! v_28 = 399.1643/cm (Raman Tensor)
#-4.46854897e-02  7.12308566e-05 -3.86610482e-05
# 7.12308566e-05 -4.46207181e-02  3.18973878e-05
#-3.86610482e-05  3.18973878e-05 -4.46290522e-02

! v_29 = 404.4129/cm
 2.62451324e-02  1.30919880e-06  1.62982588e-06  0.00000000e+00
 1.30919880e-06  5.61546218e-03 -6.09863424e-06  0.00000000e+00
 1.62982588e-06 -6.09863424e-06  5.62053338e-03  0.00000000e+00
 0.00000000e+00  0.00000000e+00  0.00000000e+00  0.00000000e+00

#! v_29 = 404.4129/cm (Raman Tensor)
#-4.66297790e-02 -4.27824927e-05  9.75793781e-06
#-4.27824927e-05 -4.67266169e-02 -9.26601976e-05
# 9.75793781e-06 -9.26601976e-05 -4.66036041e-02

! v_30 = 411.3522/cm
 3.54593837e-02  5.61546496e-06 -2.54357621e-06  0.00000000e+00
 5.61546496e-06  5.24685196e-03  1.65542074e-05  0.00000000e+00
-2.54357621e-06  1.65542074e-05  5.23595757e-03  0.00000000e+00
 0.00000000e+00  0.00000000e+00  0.00000000e+00  0.00000000e+00

#! v_30 = 411.3522/cm (Raman Tensor)
# 1.44386502e-02  1.10327165e-04 -2.46360035e-05
# 1.10327165e-04  1.46113027e-02  1.01787819e-04
#-2.46360035e-05  1.01787819e-04  1.44782271e-02

! v_31 = 415.4393/cm
3.86982051e-02 1.24869170e-05 5.54089170e-06 0.00000000e+00
1.24869170e-05 2.26938103e-02 8.88882318e-06 0.00000000e+00
5.54089170e-06 8.88882318e-06 2.26880286e-02 0.00000000e+00
0.00000000e+00 0.00000000e+00 0.00000000e+00 0.00000000e+00

#! v_31 = 415.4393/cm (Raman Tensor)
#1.41540814e-01 3.79322617e-06 4.77910670e-05
#3.79322617e-06 1.41473632e-01 2.63507594e-05
#4.77910670e-05 2.63507594e-05 1.41348753e-01

! v_32 = 428.1141/cm
 1.04080705e-02  3.32662986e-06 -1.99224793e-06  0.00000000e+00
 3.32662986e-06  5.02243683e-03 -2.15885765e-06  0.00000000e+00
-1.99224793e-06 -2.15885765e-06  5.01941670e-03  0.00000000e+00
 0.00000000e+00  0.00000000e+00  0.00000000e+00  0.00000000e+00

#! v_32 = 428.1141/cm (Raman Tensor)
# 6.42268771e-02 -1.32212051e-05 -1.32757879e-05
#-1.32212051e-05  6.41770349e-02 -3.98555051e-06
#-1.32757879e-05 -3.98555051e-06  6.41437880e-02

! v_33 = 434.1896/cm
 1.42412551e-02  2.83464338e-07 -1.46148727e-06  0.00000000e+00
 2.83464338e-07  2.38282617e-03 -2.06834711e-06  0.00000000e+00
-1.46148727e-06 -2.06834711e-06  2.37609631e-03  0.00000000e+00
 0.00000000e+00  0.00000000e+00  0.00000000e+00  0.00000000e+00

#! v_33 = 434.1896/cm (Raman Tensor)
#-2.00632583e-02 -3.78990123e-06  5.45208630e-05
#-3.78990123e-06 -2.00270757e-02 -1.87984726e-05
# 5.45208630e-05 -1.87984726e-05 -2.00404661e-02

! v_34 = 443.6075/cm
 3.75641983e-02  1.37793570e-05  3.94263319e-06  0.00000000e+00
 1.37793570e-05  1.92141202e-02 -6.92088596e-06  0.00000000e+00
 3.94263319e-06 -6.92088596e-06  1.91830615e-02  0.00000000e+00
 0.00000000e+00  0.00000000e+00  0.00000000e+00  0.00000000e+00

#! v_34 = 443.6075/cm (Raman Tensor)
#-1.27105865e-01  2.41280787e-06 -2.93683289e-05
# 2.41280787e-06 -1.26978764e-01  1.96731568e-06
#-2.93683289e-05  1.96731568e-06 -1.26995611e-01

! v_35 = 480.9756/cm
 1.88732842e-02  7.63750214e-06  8.74814048e-06  0.00000000e+00
 7.63750214e-06  5.76405663e-03 -9.58901946e-06  0.00000000e+00
 8.74814048e-06 -9.58901946e-06  5.76598584e-03  0.00000000e+00
 0.00000000e+00  0.00000000e+00  0.00000000e+00  0.00000000e+00

#! v_35 = 480.9756/cm (Raman Tensor)
#-5.98707081e-02 -3.07872118e-05 -1.83103793e-05
#-3.07872118e-05 -5.98373112e-02 -6.05096299e-05
#-1.83103793e-05 -6.05096299e-05 -5.97422807e-02

! v_36 = 485.3514/cm
7.59939989e-02 3.39914111e-05 3.38996993e-06 0.00000000e+00
3.39914111e-05 5.26099669e-02 8.45756287e-06 0.00000000e+00
3.38996993e-06 8.45756287e-06 5.26454760e-02 0.00000000e+00
0.00000000e+00 0.00000000e+00 0.00000000e+00 0.00000000e+00

#! v_36 = 485.3514/cm (Raman Tensor)
#-2.20822134e-01 -3.39844856e-05  2.99744689e-05
#-3.39844856e-05 -2.20673730e-01  2.51267020e-05
# 2.99744689e-05  2.51267020e-05 -2.20691445e-01

! v_37 = 532.3149/cm
 8.53960476e-03 -1.61667985e-06  1.69130240e-07  0.00000000e+00
-1.61667985e-06  1.22759426e-03  1.06184361e-06  0.00000000e+00
 1.69130240e-07  1.06184361e-06  1.22006321e-03  0.00000000e+00
 0.00000000e+00  0.00000000e+00  0.00000000e+00  0.00000000e+00

#! v_37 = 532.3149/cm (Raman Tensor)
#-1.75865964e-03 -9.91651037e-06  7.29600599e-06
#-9.91651037e-06 -1.72758410e-03  3.76416115e-05
# 7.29600599e-06  3.76416115e-05 -1.80869625e-03

! v_38 = 542.8750/cm
 1.72403444e-01  7.18277377e-06 -5.58947118e-06  0.00000000e+00
 7.18277377e-06  1.58070286e-01 -9.60779444e-06  0.00000000e+00
-5.58947118e-06 -9.60779444e-06  1.58048874e-01  0.00000000e+00
 0.00000000e+00  0.00000000e+00  0.00000000e+00  0.00000000e+00

#! v_38 = 542.8750/cm (Raman Tensor)
#-3.94562699e-01  7.28049237e-06  4.71123859e-05
# 7.28049237e-06 -3.94527339e-01 -4.32272465e-05
# 4.71123859e-05 -4.32272465e-05 -3.94426962e-01

! v_39 = 560.8024/cm
 8.82327354e-03  2.70505176e-06  4.32733818e-06  0.00000000e+00
 2.70505176e-06  6.22618177e-03 -8.83222033e-07  0.00000000e+00
 4.32733818e-06 -8.83222033e-07  6.22845858e-03  0.00000000e+00
 0.00000000e+00  0.00000000e+00  0.00000000e+00  0.00000000e+00

#! v_39 = 560.8024/cm (Raman Tensor)
#-7.61428315e-02 -2.34699326e-05  7.73165901e-06
#-2.34699326e-05 -7.61070945e-02 -2.93114546e-05
# 7.73165901e-06 -2.93114546e-05 -7.60520041e-02

! v_40 = 573.0270/cm
 5.95150403e-02 -3.58596657e-07  1.30735875e-05  0.00000000e+00
-3.58596657e-07  9.94569085e-03 -1.46695090e-05  0.00000000e+00
 1.30735875e-05 -1.46695090e-05  9.91651031e-03  0.00000000e+00
 0.00000000e+00  0.00000000e+00  0.00000000e+00  0.00000000e+00

#! v_40 = 573.0270/cm (Raman Tensor)
#-4.09234337e-02  7.19593267e-05 -1.37811153e-04
# 7.19593267e-05 -4.08291329e-02  4.06573542e-05
#-1.37811153e-04  4.06573542e-05 -4.09074334e-02

! v_41 = 585.1377/cm
 4.93653510e-02  3.66173593e-06  9.69149656e-06  0.00000000e+00
 3.66173593e-06  2.90258142e-02 -4.67306758e-06  0.00000000e+00
 9.69149656e-06 -4.67306758e-06  2.90274564e-02  0.00000000e+00
 0.00000000e+00  0.00000000e+00  0.00000000e+00  0.00000000e+00

#! v_41 = 585.1377/cm (Raman Tensor)
# 1.60108323e-01  4.60319484e-05 -1.26234856e-05
# 4.60319484e-05  1.60113083e-01 -1.91558414e-06
#-1.26234856e-05 -1.91558414e-06  1.60063893e-01

! v_42 = 606.2491/cm
 8.99143384e-03  1.61085242e-06  1.21283668e-06  0.00000000e+00
 1.61085242e-06  1.79324241e-03 -4.64670024e-06  0.00000000e+00
 1.21283668e-06 -4.64670024e-06  1.79321449e-03  0.00000000e+00
 0.00000000e+00  0.00000000e+00  0.00000000e+00  0.00000000e+00

#! v_42 = 606.2491/cm (Raman Tensor)
#-2.43714427e-02  3.46726749e-06  4.38298593e-05
# 3.46726749e-06 -2.43581419e-02  6.71802375e-06
# 4.38298593e-05  6.71802375e-06 -2.43541154e-02

! v_43 = 635.8470/cm
 9.21183664e-03  2.07255478e-06  4.66566278e-06  0.00000000e+00
 2.07255478e-06  6.22510878e-03 -8.70354653e-07  0.00000000e+00
 4.66566278e-06 -8.70354653e-07  6.22894115e-03  0.00000000e+00
 0.00000000e+00  0.00000000e+00  0.00000000e+00  0.00000000e+00

#! v_43 = 635.8470/cm (Raman Tensor)
# 7.57128022e-02  2.86461315e-05 -2.27917636e-05
# 2.86461315e-05  7.56735858e-02  2.81127941e-05
#-2.27917636e-05  2.81127941e-05  7.56297420e-02

! v_44 = 638.5291/cm
 7.03769381e-03 -3.12330254e-06  3.16887746e-06  0.00000000e+00
-3.12330254e-06  1.30380384e-03 -1.65735665e-07  0.00000000e+00
 3.16887746e-06 -1.65735665e-07  1.29643846e-03  0.00000000e+00
 0.00000000e+00  0.00000000e+00  0.00000000e+00  0.00000000e+00

#! v_44 = 638.5291/cm (Raman Tensor)
#-1.85320339e-02 -3.53535802e-05  4.56187722e-05
#-3.53535802e-05 -1.85950289e-02 -3.60529314e-05
# 4.56187722e-05 -3.60529314e-05 -1.85418872e-02

! v_45 = 658.4253/cm
 1.72521502e-02  5.96582683e-06 -7.53700247e-06  0.00000000e+00
 5.96582683e-06  7.06245939e-03  1.05754278e-07  0.00000000e+00
-7.53700247e-06  1.05754278e-07  7.05065622e-03  0.00000000e+00
 0.00000000e+00  0.00000000e+00  0.00000000e+00  0.00000000e+00

#! v_45 = 658.4253/cm (Raman Tensor)
#-7.32275254e-02  2.81686670e-05  1.40146398e-05
# 2.81686670e-05 -7.31590001e-02 -6.80741462e-06
# 1.40146398e-05 -6.80741462e-06 -7.31647745e-02

! v_46 = 756.6441/cm
 3.24581059e-02  1.43523945e-05 -2.39803057e-05  0.00000000e+00
 1.43523945e-05  1.52435603e-02  4.63577357e-06  0.00000000e+00
-2.39803057e-05  4.63577357e-06  1.52310944e-02  0.00000000e+00
 0.00000000e+00  0.00000000e+00  0.00000000e+00  0.00000000e+00

#! v_46 = 756.6441/cm (Raman Tensor)
# 1.11263757e-01 -7.37595091e-05 -4.84969837e-06
#-7.37595091e-05  1.11149144e-01 -1.71994627e-05
#-4.84969837e-06 -1.71994627e-05  1.11130799e-01

! v_47 = 788.9340/cm
 1.43911709e-02 -1.93781478e-06 -2.36813091e-06  0.00000000e+00
-1.93781478e-06  3.38010126e-03  2.41705665e-06  0.00000000e+00
-2.36813091e-06  2.41705665e-06  3.38631413e-03  0.00000000e+00
 0.00000000e+00  0.00000000e+00  0.00000000e+00  0.00000000e+00

#! v_47 = 788.9340/cm (Raman Tensor)
# 3.92725010e-02  1.81140590e-05 -1.55566441e-05
# 1.81140590e-05  3.93900083e-02  1.86917980e-05
#-1.55566441e-05  1.86917980e-05  3.94277408e-02

! v_48 = 853.2376/cm
 1.16319757e-01 -4.72539453e-05  7.20288301e-05  0.00000000e+00
-4.72539453e-05  6.63518103e-02 -3.67661126e-06  0.00000000e+00
 7.20288301e-05 -3.67661126e-06  6.62791275e-02  0.00000000e+00
 0.00000000e+00  0.00000000e+00  0.00000000e+00  0.00000000e+00

#! v_48 = 853.2376/cm (Raman Tensor)
#-2.40743035e-01 -1.10257619e-04  9.81529260e-05
#-1.10257619e-04 -2.40849896e-01 -1.36726258e-04
# 9.81529260e-05 -1.36726258e-04 -2.40597169e-01

! v_49 = 897.0443/cm
 1.05288571e-01 -3.02634864e-05  6.81909828e-05  0.00000000e+00
-3.02634864e-05  4.86542309e-02  6.15351795e-05  0.00000000e+00
 6.81909828e-05  6.15351795e-05  4.86740440e-02  0.00000000e+00
 0.00000000e+00  0.00000000e+00  0.00000000e+00  0.00000000e+00

#! v_49 = 897.0443/cm (Raman Tensor)
#-1.97980251e-01 -1.52786620e-04  1.57365530e-04
#-1.52786620e-04 -1.98159117e-01 -3.40473366e-05
# 1.57365530e-04 -3.40473366e-05 -1.98198232e-01

! v_50 = 907.4471/cm
 4.48391473e-02  3.23917828e-06  4.67395522e-06  0.00000000e+00
 3.23917828e-06  7.26894006e-03 -2.50384816e-05  0.00000000e+00
 4.67395522e-06 -2.50384816e-05  7.26697013e-03  0.00000000e+00
 0.00000000e+00  0.00000000e+00  0.00000000e+00  0.00000000e+00

#! v_50 = 907.4471/cm (Raman Tensor)
# 3.17921165e-02 -1.68428228e-05 -1.17045469e-04
#-1.68428228e-05  3.17929238e-02  2.38342788e-06
#-1.17045469e-04  2.38342788e-06  3.17888597e-02

! v_51 = 933.7049/cm
 1.37697830e-01  4.76079092e-05 -5.16870789e-05  0.00000000e+00
 4.76079092e-05  1.07164483e-01 -1.94389659e-05  0.00000000e+00
-5.16870789e-05 -1.94389659e-05  1.07182011e-01  0.00000000e+00
 0.00000000e+00  0.00000000e+00  0.00000000e+00  0.00000000e+00

#! v_51 = 933.7049/cm (Raman Tensor)
# 3.19569829e-01 -7.18217028e-05  6.17718322e-05
#-7.18217028e-05  3.19438366e-01 -1.13178039e-04
# 6.17718322e-05 -1.13178039e-04  3.19543805e-01

! v_52 = 994.5361/cm
 3.09238559e-02  9.09731821e-06 -1.31880530e-06  0.00000000e+00
 9.09731821e-06  2.18511487e-02  1.59791930e-06  0.00000000e+00
-1.31880530e-06  1.59791930e-06  2.18477269e-02  0.00000000e+00
 0.00000000e+00  0.00000000e+00  0.00000000e+00  0.00000000e+00

#! v_52 = 994.5361/cm (Raman Tensor)
#-1.42641021e-01 -2.32096450e-06  4.90992874e-05
#-2.32096450e-06 -1.42570093e-01 -1.11387654e-05
# 4.90992874e-05 -1.11387654e-05 -1.42566686e-01

! v_53 = 998.1355/cm
 3.25990916e-02  1.25264141e-06  7.93111121e-06  0.00000000e+00
 1.25264141e-06  2.56021835e-02 -2.80865011e-06  0.00000000e+00
 7.93111121e-06 -2.80865011e-06  2.56041255e-02  0.00000000e+00
 0.00000000e+00  0.00000000e+00  0.00000000e+00  0.00000000e+00

#! v_53 = 998.1355/cm (Raman Tensor)
# 1.56334273e-01  2.37647603e-05 -5.98612327e-05
# 2.37647603e-05  1.56307214e-01  3.37442729e-05
#-5.98612327e-05  3.37442729e-05  1.56256913e-01

! v_54 = 1007.4960/cm
 2.22210639e-02  4.95658130e-06 -6.43129068e-06  0.00000000e+00
 4.95658130e-06  3.32577144e-03  6.73230942e-06  0.00000000e+00
-6.43129068e-06  6.73230942e-06  3.34495036e-03  0.00000000e+00
 0.00000000e+00  0.00000000e+00  0.00000000e+00  0.00000000e+00

#! v_54 = 1007.4960/cm (Raman Tensor)
#-1.36594707e-02 -4.59189328e-06  5.32559278e-05
#-4.59189328e-06 -1.35304403e-02  1.73421521e-05
# 5.32559278e-05  1.73421521e-05 -1.35298890e-02

! v_55 = 1021.8606/cm
 6.25203979e-02  3.09881760e-05 -3.42146572e-05  0.00000000e+00
 3.09881760e-05  4.14778469e-02 -3.05608489e-06  0.00000000e+00
-3.42146572e-05 -3.05608489e-06  4.14863850e-02  0.00000000e+00
 0.00000000e+00  0.00000000e+00  0.00000000e+00  0.00000000e+00

#! v_55 = 1021.8606/cm (Raman Tensor)
#-1.94935922e-01  8.25692441e-05 -1.07255719e-05
# 8.25692441e-05 -1.94823298e-01  9.19382210e-05
#-1.07255719e-05  9.19382210e-05 -1.94930781e-01

! v_56 = 1038.9804/cm
 3.08977717e-02 -9.21263247e-06 -3.87905380e-06  0.00000000e+00
-9.21263247e-06  4.58152614e-03 -7.62723344e-06  0.00000000e+00
-3.87905380e-06 -7.62723344e-06  4.57436651e-03  0.00000000e+00
 0.00000000e+00  0.00000000e+00  0.00000000e+00  0.00000000e+00

#! v_56 = 1038.9804/cm (Raman Tensor)
# 1.36327906e-02 -2.94034134e-05  8.14157193e-05
#-2.94034134e-05  1.37466210e-02 -5.94699768e-05
# 8.14157193e-05 -5.94699768e-05  1.38229883e-02

! v_57 = 1044.4784/cm
 6.77971676e-02  4.18357154e-05 -1.56735283e-05  0.00000000e+00
 4.18357154e-05  3.70012460e-02  1.90349171e-05  0.00000000e+00
-1.56735283e-05  1.90349171e-05  3.69800467e-02  0.00000000e+00
 0.00000000e+00  0.00000000e+00  0.00000000e+00  0.00000000e+00

#! v_57 = 1044.4784/cm (Raman Tensor)
#-1.78601290e-01  1.88906001e-05  7.28900015e-06
# 1.88906001e-05 -1.78364541e-01 -9.28066060e-06
# 7.28900015e-06 -9.28066060e-06 -1.78304569e-01

! v_58 = 1053.0837/cm
6.74020199e-02 1.35931534e-05 1.28885470e-05 0.00000000e+00
1.35931534e-05 4.02863812e-02 8.49935308e-06 0.00000000e+00
1.28885470e-05 8.49935308e-06 4.03095871e-02 0.00000000e+00
0.00000000e+00 0.00000000e+00 0.00000000e+00 0.00000000e+00

#! v_58 = 1053.0837/cm (Raman Tensor)
#-1.89193522e-01 -3.58788090e-05  1.14061549e-04
#-3.58788090e-05 -1.89109321e-01 -1.68153784e-05
# 1.14061549e-04 -1.68153784e-05 -1.89103857e-01

! v_59 = 1062.9811/cm
 1.14211783e-02  2.35685360e-06 -5.60907060e-06  0.00000000e+00
 2.35685360e-06  6.28969865e-03 -2.61632156e-06  0.00000000e+00
-5.60907060e-06 -2.61632156e-06  6.29139131e-03  0.00000000e+00
 0.00000000e+00  0.00000000e+00  0.00000000e+00  0.00000000e+00

#! v_59 = 1062.9811/cm (Raman Tensor)
#-7.37392866e-02  3.26381978e-05  2.40433010e-05
# 3.26381978e-05 -7.37276788e-02  1.42887078e-05
# 2.40433010e-05  1.42887078e-05 -7.37490346e-02

! v_60 = 1065.7891/cm
 4.88632349e-02  2.33543936e-05 -2.98501819e-05  0.00000000e+00
 2.33543936e-05  2.22256744e-02  3.16530846e-05  0.00000000e+00
-2.98501819e-05  3.16530846e-05  2.22237563e-02  0.00000000e+00
 0.00000000e+00  0.00000000e+00  0.00000000e+00  0.00000000e+00

#! v_60 = 1065.7891/cm (Raman Tensor)
# 1.33449354e-01 -1.12288038e-04  9.55574020e-05
#-1.12288038e-04  1.33291889e-01 -3.29587138e-05
# 9.55574020e-05 -3.29587138e-05  1.33272257e-01

! v_61 = 1082.8365/cm
3.91613625e-02 9.85675040e-06 1.06997782e-05 0.00000000e+00
9.85675040e-06 5.58425788e-03 2.25302974e-05 0.00000000e+00
1.06997782e-05 2.25302974e-05 5.60119762e-03 0.00000000e+00
0.00000000e+00 0.00000000e+00 0.00000000e+00 0.00000000e+00

#! v_61 = 1082.8365/cm (Raman Tensor)
# 7.53952761e-06 -3.74932707e-05  1.14860071e-04
#-3.74932707e-05 -7.46773801e-06  3.63631408e-05
# 1.14860071e-04  3.63631408e-05 -1.25071790e-04

! v_62 = 1087.2799/cm
 1.33783156e-01 -3.99211180e-05  4.64897223e-05  0.00000000e+00
-3.99211180e-05  8.54203104e-02 -3.12450599e-05  0.00000000e+00
 4.64897223e-05 -3.12450599e-05  8.53445688e-02  0.00000000e+00
 0.00000000e+00  0.00000000e+00  0.00000000e+00  0.00000000e+00

#! v_62 = 1087.2799/cm (Raman Tensor)
# 2.78020221e-01  4.95206912e-05 -1.17221050e-04
# 4.95206912e-05  2.78085052e-01  7.87633600e-05
#-1.17221050e-04  7.87633600e-05  2.77915727e-01

! v_63 = 1096.3069/cm
 6.75789977e-02  2.33427155e-06 -1.07378309e-05  0.00000000e+00
 2.33427155e-06  1.78282997e-02 -5.30919354e-05  0.00000000e+00
-1.07378309e-05 -5.30919354e-05  1.78128003e-02  0.00000000e+00
 0.00000000e+00  0.00000000e+00  0.00000000e+00  0.00000000e+00

#! v_63 = 1096.3069/cm (Raman Tensor)
#-9.76067833e-02  1.11983360e-04 -1.16271791e-05
# 1.11983360e-04 -9.76063221e-02  7.89770557e-05
#-1.16271791e-05  7.89770557e-05 -9.76356946e-02

! v_64 = 1099.8504/cm
 2.44125279e-01  1.70982149e-04 -1.17819592e-04  0.00000000e+00
 1.70982149e-04  1.15222411e-01  1.17018878e-04  0.00000000e+00
-1.17819592e-04  1.17018878e-04  1.15125652e-01  0.00000000e+00
 0.00000000e+00  0.00000000e+00  0.00000000e+00  0.00000000e+00

#! v_64 = 1099.8504/cm (Raman Tensor)
#-3.06335715e-01  1.16513377e-04 -4.58306069e-05
# 1.16513377e-04 -3.05825554e-01  4.02556073e-05
#-4.58306069e-05  4.02556073e-05 -3.05740732e-01

! v_65 = 1111.3947/cm
 1.13672178e-01 -2.11648141e-05  8.83324918e-05  0.00000000e+00
-2.11648141e-05  5.85024113e-02 -7.86486508e-06  0.00000000e+00
 8.83324918e-05 -7.86486508e-06  5.85510355e-02  0.00000000e+00
 0.00000000e+00  0.00000000e+00  0.00000000e+00  0.00000000e+00

#! v_65 = 1111.3947/cm (Raman Tensor)
# 2.22074683e-01  1.86753157e-04 -8.18893909e-05
# 1.86753157e-04  2.22207818e-01  1.73989778e-04
#-8.18893909e-05  1.73989778e-04  2.21987498e-01

! v_66 = 1113.7798/cm
 9.25061879e-02 -3.14273203e-06  3.65462390e-05  0.00000000e+00
-3.14273203e-06  1.37197263e-02 -7.20331186e-06  0.00000000e+00
 3.65462390e-05 -7.20331186e-06  1.37304724e-02  0.00000000e+00
 0.00000000e+00  0.00000000e+00  0.00000000e+00  0.00000000e+00

#! v_66 = 1113.7798/cm (Raman Tensor)
#-2.46064995e-02 -8.37050209e-05  2.16492846e-04
#-8.37050209e-05 -2.47454652e-02 -4.77844666e-05
# 2.16492846e-04 -4.77844666e-05 -2.47240353e-02

! v_67 = 1118.1511/cm
 1.57985680e-01  7.65168530e-06  8.12544243e-05  0.00000000e+00
 7.65168530e-06  5.50267526e-02 -3.85635300e-05  0.00000000e+00
 8.12544243e-05 -3.85635300e-05  5.51800677e-02  0.00000000e+00
 0.00000000e+00  0.00000000e+00  0.00000000e+00  0.00000000e+00

#! v_67 = 1118.1511/cm (Raman Tensor)
# 1.94897426e-01  2.26515945e-04 -6.92968381e-05
# 2.26515945e-04  1.94791009e-01  1.05312481e-04
#-6.92968381e-05  1.05312481e-04  1.94690566e-01

! v_68 = 1128.0980/cm
 1.06408199e-01 -4.11112921e-05  1.42597209e-05  0.00000000e+00
-4.11112921e-05  2.50734183e-02  2.44737651e-05  0.00000000e+00
 1.42597209e-05  2.44737651e-05  2.49151217e-02  0.00000000e+00
 0.00000000e+00  0.00000000e+00  0.00000000e+00  0.00000000e+00

#! v_68 = 1128.0980/cm (Raman Tensor)
# 1.06770712e-01 -2.89295611e-05  4.61405885e-05
#-2.89295611e-05  1.06883168e-01  8.55340692e-05
# 4.61405885e-05  8.55340692e-05  1.06623220e-01

! v_69 = 1140.1745/cm
 1.87017597e-01 -3.83188904e-05  1.07222442e-04  0.00000000e+00
-3.83188904e-05  6.34163990e-02 -4.49596746e-05  0.00000000e+00
 1.07222442e-04 -4.49596746e-05  6.34867078e-02  0.00000000e+00
 0.00000000e+00  0.00000000e+00  0.00000000e+00  0.00000000e+00

#! v_69 = 1140.1745/cm (Raman Tensor)
#-2.06956706e-01 -2.04880742e-04  2.22226340e-04
#-2.04880742e-04 -2.07004411e-01 -1.68501782e-04
# 2.22226340e-04 -1.68501782e-04 -2.06935663e-01

! v_70 = 1148.8314/cm
 6.08813975e-02  1.31146250e-05 -8.82365273e-07  0.00000000e+00
 1.31146250e-05  9.95768393e-03 -1.46624554e-05  0.00000000e+00
-8.82365273e-07 -1.46624554e-05  1.00066163e-02  0.00000000e+00
 0.00000000e+00  0.00000000e+00  0.00000000e+00  0.00000000e+00

#! v_70 = 1148.8314/cm (Raman Tensor)
#-3.89738939e-02 -6.22894886e-05 -5.04476238e-05
#-6.22894886e-05 -3.87517353e-02 -1.60944850e-05
#-5.04476238e-05 -1.60944850e-05 -3.86764708e-02

! v_71 = 1154.0307/cm
 1.04443942e-01  1.56454085e-05 -1.49707107e-05  0.00000000e+00
 1.56454085e-05  1.58300352e-02 -4.60385973e-06  0.00000000e+00
-1.49707107e-05 -4.60385973e-06  1.58382312e-02  0.00000000e+00
 0.00000000e+00  0.00000000e+00  0.00000000e+00  0.00000000e+00

#! v_71 = 1154.0307/cm (Raman Tensor)
# 3.23361865e-02  1.35997423e-04 -3.28051883e-05
# 1.35997423e-04  3.26319544e-02  1.06946771e-04
#-3.28051883e-05  1.06946771e-04  3.26367591e-02

! v_72 = 1160.6984/cm
 3.77063513e-02  1.03996417e-05 -4.88163331e-06  0.00000000e+00
 1.03996417e-05  5.78842077e-03  2.17445626e-06  0.00000000e+00
-4.88163331e-06  2.17445626e-06  5.79707733e-03  0.00000000e+00
 0.00000000e+00  0.00000000e+00  0.00000000e+00  0.00000000e+00

#! v_72 = 1160.6984/cm (Raman Tensor)
#-2.17160234e-02 -8.50247483e-05 -7.58676229e-06
#-8.50247483e-05 -2.18833477e-02 -8.75980168e-05
#-7.58676229e-06 -8.75980168e-05 -2.18002290e-02

! v_73 = 1164.6569/cm
 2.52398218e-02  7.59640636e-06  8.36743922e-06  0.00000000e+00
 7.59640636e-06  1.16811810e-02 -2.83064419e-06  0.00000000e+00
 8.36743922e-06 -2.83064419e-06  1.16998888e-02  0.00000000e+00
 0.00000000e+00  0.00000000e+00  0.00000000e+00  0.00000000e+00

#! v_73 = 1164.6569/cm (Raman Tensor)
#9.71562946e-02 6.00467045e-05 2.31853830e-05
#6.00467045e-05 9.71250710e-02 2.76492783e-05
#2.31853830e-05 2.76492783e-05 9.70534344e-02

! v_74 = 1208.2133/cm
 6.41268108e-02 -3.75486724e-05 -3.44143792e-07  0.00000000e+00
-3.75486724e-05  2.68407160e-02  2.84888272e-05  0.00000000e+00
-3.44143792e-07  2.84888272e-05  2.68184237e-02  0.00000000e+00
 0.00000000e+00  0.00000000e+00  0.00000000e+00  0.00000000e+00

#! v_74 = 1208.2133/cm (Raman Tensor)
#-1.43442840e-01 -4.32516001e-05  2.46320136e-05
#-4.32516001e-05 -1.43720372e-01 -3.57319378e-05
# 2.46320136e-05 -3.57319378e-05 -1.43721789e-01

! v_75 = 1215.2309/cm
 5.20135112e-03  7.11812485e-08 -3.68767120e-08  0.00000000e+00
 7.11812485e-08  9.95627086e-04 -4.62219434e-06  0.00000000e+00
-3.68767120e-08 -4.62219434e-06  9.94128190e-04  0.00000000e+00
 0.00000000e+00  0.00000000e+00  0.00000000e+00  0.00000000e+00

#! v_75 = 1215.2309/cm (Raman Tensor)
#-1.71230545e-02  2.02704639e-05 -1.35868536e-05
# 2.02704639e-05 -1.71365203e-02  3.03519404e-05
#-1.35868536e-05  3.03519404e-05 -1.71603252e-02

! v_76 = 1222.6852/cm
 6.36971230e-02 -9.15539769e-06  1.53610892e-05  0.00000000e+00
-9.15539769e-06  1.81446159e-02  2.68060582e-05  0.00000000e+00
 1.53610892e-05  2.68060582e-05  1.81373914e-02  0.00000000e+00
 0.00000000e+00  0.00000000e+00  0.00000000e+00  0.00000000e+00

#! v_76 = 1222.6852/cm (Raman Tensor)
#-1.02631025e-01 -1.48993073e-04  3.33922073e-05
#-1.48993073e-04 -1.02853104e-01 -1.04136810e-04
# 3.33922073e-05 -1.04136810e-04 -1.02752171e-01

! v_77 = 1249.0367/cm
 7.44072142e-02  1.67484429e-05 -4.05742367e-05  0.00000000e+00
 1.67484429e-05  2.03007204e-02  2.92162064e-05  0.00000000e+00
-4.05742367e-05  2.92162064e-05  2.03172746e-02  0.00000000e+00
 0.00000000e+00  0.00000000e+00  0.00000000e+00  0.00000000e+00

#! v_77 = 1249.0367/cm (Raman Tensor)
# 1.06289012e-01 -1.24930757e-04  7.95810159e-05
#-1.24930757e-04  1.06199697e-01  2.27672157e-05
# 7.95810159e-05  2.27672157e-05  1.06119291e-01

! v_78 = 1254.1562/cm
 7.14871095e-02 -1.25652883e-05  2.10962250e-05  0.00000000e+00
-1.25652883e-05  1.12795522e-02 -1.21717026e-05  0.00000000e+00
 2.10962250e-05 -1.21717026e-05  1.12045292e-02  0.00000000e+00
 0.00000000e+00  0.00000000e+00  0.00000000e+00  0.00000000e+00

#! v_78 = 1254.1562/cm (Raman Tensor)
# 3.45980036e-02  8.56587879e-05 -8.37508061e-05
# 8.56587879e-05  3.46595573e-02  6.54500756e-05
#-8.37508061e-05  6.54500756e-05  3.44736391e-02

! v_79 = 1259.9112/cm
 1.28661418e-01  4.75716119e-07 -1.68560178e-05  0.00000000e+00
 4.75716119e-07  2.55222006e-02 -3.25529000e-05  0.00000000e+00
-1.68560178e-05 -3.25529000e-05  2.56011288e-02  0.00000000e+00
 0.00000000e+00  0.00000000e+00  0.00000000e+00  0.00000000e+00

#! v_79 = 1259.9112/cm (Raman Tensor)
# 9.15257538e-02 -8.35602732e-06 -1.83458253e-04
#-8.35602732e-06  9.17269915e-02  4.99639694e-05
#-1.83458253e-04  4.99639694e-05  9.17952547e-02

! v_80 = 1280.8461/cm
1.00893760e-01 1.55040701e-05 2.38536786e-05 0.00000000e+00
1.55040701e-05 1.54611327e-02 6.87647474e-05 0.00000000e+00
2.38536786e-05 6.87647474e-05 1.55160761e-02 0.00000000e+00
0.00000000e+00 0.00000000e+00 0.00000000e+00 0.00000000e+00

#! v_80 = 1280.8461/cm (Raman Tensor)
# 3.53683050e-02  8.95090168e-05 -1.76555967e-04
# 8.95090168e-05  3.53653688e-02 -5.06877810e-05
#-1.76555967e-04 -5.06877810e-05  3.55393262e-02

! v_81 = 1291.6669/cm
 6.51617526e-03  2.11486059e-07  3.34189906e-06  0.00000000e+00
 2.11486059e-07  1.92049739e-03 -3.73707656e-06  0.00000000e+00
 3.34189906e-06 -3.73707656e-06  1.92080199e-03  0.00000000e+00
 0.00000000e+00  0.00000000e+00  0.00000000e+00  0.00000000e+00

#! v_81 = 1291.6669/cm (Raman Tensor)
# 3.39864783e-02  2.86772113e-05 -1.80218333e-05
# 2.86772113e-05  3.39736150e-02  4.93681901e-05
#-1.80218333e-05  4.93681901e-05  3.38965067e-02

! v_82 = 1299.8887/cm
5.85793955e-02 1.62306523e-05 9.09801641e-06 0.00000000e+00
1.62306523e-05 9.04836033e-03 2.10236422e-05 0.00000000e+00
9.09801641e-06 2.10236422e-05 9.05329105e-03 0.00000000e+00
0.00000000e+00 0.00000000e+00 0.00000000e+00 0.00000000e+00

#! v_82 = 1299.8887/cm (Raman Tensor)
#-2.83935419e-02 -2.17725449e-06 -1.10563632e-04
#-2.17725449e-06 -2.82814529e-02 -2.22000222e-05
#-1.10563632e-04 -2.22000222e-05 -2.81060052e-02

! v_83 = 1313.0545/cm
5.56587186e-02 7.07755835e-06 6.54665173e-06 0.00000000e+00
7.07755835e-06 1.69957776e-02 1.03675286e-05 0.00000000e+00
6.54665173e-06 1.03675286e-05 1.69732909e-02 0.00000000e+00
0.00000000e+00 0.00000000e+00 0.00000000e+00 0.00000000e+00

#! v_83 = 1313.0545/cm (Raman Tensor)
#-1.02675054e-01 -1.67500286e-05 -7.87351346e-05
#-1.67500286e-05 -1.02661640e-01 -1.99068538e-05
#-7.87351346e-05 -1.99068538e-05 -1.02516705e-01

! v_84 = 1315.3018/cm
 8.85828703e-02 -1.44797761e-05  1.62271691e-05  0.00000000e+00
-1.44797761e-05  1.27233976e-02  1.53039387e-05  0.00000000e+00
 1.62271691e-05  1.53039387e-05  1.27263193e-02  0.00000000e+00
 0.00000000e+00  0.00000000e+00  0.00000000e+00  0.00000000e+00

#! v_84 = 1315.3018/cm (Raman Tensor)
# 0.00979996 -0.00015883  0.00021338
#-0.00015883  0.00955346 -0.00014051
# 0.00021338 -0.00014051  0.00967998

! v_85 = 1332.7355/cm
3.29709005e-02 4.51276808e-06 1.06032618e-05 0.00000000e+00
4.51276808e-06 4.82284505e-03 2.90710882e-07 0.00000000e+00
1.06032618e-05 2.90710882e-07 4.81307902e-03 0.00000000e+00
0.00000000e+00 0.00000000e+00 0.00000000e+00 0.00000000e+00

#! v_85 = 1332.7355/cm (Raman Tensor)
# 1.13962209e-02 -6.66865099e-05 -1.96809361e-06
#-6.66865099e-05  1.13972550e-02 -1.13209418e-04
#-1.96809361e-06 -1.13209418e-04  1.16183241e-02

! v_86 = 1343.7855/cm
 6.35234526e-02  7.86709943e-06 -3.73834731e-05  0.00000000e+00
 7.86709943e-06  1.16331950e-02 -8.05027363e-06  0.00000000e+00
-3.73834731e-05 -8.05027363e-06  1.17175471e-02  0.00000000e+00
 0.00000000e+00  0.00000000e+00  0.00000000e+00  0.00000000e+00

#! v_86 = 1343.7855/cm (Raman Tensor)
#-5.49761679e-02  7.75935070e-05 -1.35170184e-05
# 7.75935070e-05 -5.50787671e-02 -2.43016651e-05
#-1.35170184e-05 -2.43016651e-05 -5.51117649e-02

! v_87 = 1352.4186/cm
