# polaram convert /home/jonas/Dokumente/uni/semester7/simulationSpetren/muellersim/molecularTensorWater.txt --output /home/jonas/code/python/PolaRam/res/labratoryMuellerMatrix.txt --log /home/jonas/code/python/PolaRam/log/convertRamanTensor.log --iterations 1000000 --threshold 2
# Execution time: 2020-10-10 21:34:23.623605

! v_1 = 1662.4606/cm
 7.33740442e-02 -9.57186816e-06 -4.43425232e-06  0.00000000e+00
-9.57186816e-06  1.55142113e-02  4.20126654e-05  0.00000000e+00
-4.43425232e-06  4.20126654e-05  1.54844680e-02  0.00000000e+00
 0.00000000e+00  0.00000000e+00  0.00000000e+00  0.00000000e+00

#! v_1 = 1662.4606/cm (Raman Tensor)
#-7.68015391e-02 -9.69745020e-06  6.10548136e-05
#-9.69745020e-06 -7.65027657e-02 -1.94597802e-05
# 6.10548136e-05 -1.94597802e-05 -7.60529952e-02

! v_2 = 3736.4454/cm
 1.78430192e+00 -1.47511355e-03  3.47557267e-05  0.00000000e+00
-1.47511355e-03  1.43004880e+00  7.00354704e-05  0.00000000e+00
 3.47557267e-05  7.00354704e-05  1.42898747e+00  0.00000000e+00
 0.00000000e+00  0.00000000e+00  0.00000000e+00  0.00000000e+00

#! v_2 = 3736.4454/cm (Raman Tensor)
# 1.16997028e+00 -5.92565930e-06 -9.42442418e-05
#-5.92565930e-06  1.17111208e+00 -3.78379400e-04
#-9.42442418e-05 -3.78379400e-04  1.17030764e+00

! v_3 = 3860.9646/cm
 8.79149633e-01 -2.65107651e-04  4.69779388e-05  0.00000000e+00
-2.65107651e-04  1.25495029e-01 -5.77125193e-04  0.00000000e+00
 4.69779388e-05 -5.77125193e-04  1.25411758e-01  0.00000000e+00
 0.00000000e+00  0.00000000e+00  0.00000000e+00  0.00000000e+00

#! v_3 = 3860.9646/cm (Raman Tensor)
# 0.00080975 -0.00059091 -0.00024716
#-0.00059091 -0.00117178 -0.00016246
#-0.00024716 -0.00016246  0.00036203
